1761.464,0.21503255655368933,0.297979562179874,0.8290041046139804,-0.0025570510394828058,0.001821848409467176,0.802484679640815,0.02352685747606429,0.0014963016673923703,-0.00026018512898740763,-0.0036638802632682045,0.007162620775383731,-0.002742392789398642,-0.18068648723941025,0.037314160344933824,0.9729705968304875,-2.2111345744152926,2.209480729784378,-0.01487582623788301
1761.4959999999999,0.21591200356909687,0.29803527953365283,0.8289983064468723,-0.00262560159357852,0.0021034102465637763,0.8024254902126318,0.028040375185959664,0.0010849929369947694,-0.0002947171902102817,-0.0020052107073954416,0.004112371581745065,0.0024529025089506024,-0.18068648723941025,0.037314160344933824,0.9729705968304875,-2.2111345744152926,2.209480729784378,-0.01487582623788301
1761.528,0.21682703179134982,0.29802010216647673,0.8289857219396867,-0.0025958064053598715,0.002096934265265794,0.8025585328091704,0.033655529756857636,0.0004609920495637245,-0.0009068388122123116,-0.0013015804897288988,0.0028492113581814133,0.004048190312166554,-0.18068648723941025,0.037314160344933824,0.9729705968304875,-2.2111345744152926,2.209480729784378,-0.01487582623788301
MISSING
1761.5839999999998,0.21898383381667702,0.2980369052966409,0.8289317588956218,-0.0025780874492561745,0.002009818054741703,0.8030167829575804,0.04327924277293792,-0.0004367296437704583,-0.000857307379508639,0.0023273755293320903,-0.0039977420722602805,0.009823942234733584,-0.17014925422390212,0.03549102933647042,0.9240331542308343,-2.1047453197559043,2.1729203602467417,0.49188486042184876
1761.608,0.22007015747542286,0.29805748616981803,0.8289170031105328,-0.0025787060694504533,0.0019283427810074145,0.8034130161330797,0.0466618215854834,-0.0005796561474871861,-0.0012697243681079314,0.004215751022114167,-0.007662587536204903,0.0048507913398063394,-0.17758952997618438,0.03731919593864467,0.973098385744418,-2.2115697553965803,2.2099793750807817,-0.013979166753686918
1761.6399999999999,0.22163420221492888,0.29800770556053924,0.8288676470595581,-0.0025677407741392256,0.0015396731398319569,0.8033302240926171,0.05410026536140005,-0.0014786116077617753,-0.0007645504601418069,0.004552864918625048,-0.00841136651939143,-0.011170255652278789,-0.17758952997618438,0.03731919593864467,0.973098385744418,-2.2115697553965803,2.2099793750807817,-0.013979166753686918
1761.672,0.2234674535523368,0.29798021145628545,0.8288767503531672,-0.0024714442588470377,0.0013312679218572521,0.8029719892513781,0.06260823885663698,0.0005256528558341729,0.0019219096407944547,-0.0008085910682447456,0.002027949890201013,-0.016832334391370864,-0.16675051808958022,0.03513787800856407,0.9181001273819756,2.074871195074633,-2.19260357867099,0.8002806526116891
MISSING
MISSING
1761.7759999999998,0.23093924569945867,0.2979510145280211,0.8289723235289492,-0.0025225215877131336,0.002009522636676507,0.802402661930889,0.08497934642378367,0.0010298354684092502,0.001744133734362298,-0.0026444411145962964,0.006224764115897152,0.01797623069996835,-0.17139458260064325,0.03732898835270514,0.9733447393000421,-2.2124519903347366,2.2109868933513575,-0.01213789012994578
1761.808,0.23385947361390536,0.298001640836628,0.8289494494756617,-0.0025519292136176605,0.00210545199501734,0.8027284302439183,0.08832914086255698,-0.00013918893024377705,-0.0010509963934574344,0.004361589750980465,-0.007926116013153224,-0.0010925319959419917,-0.16829659210720982,0.03733374480870681,0.9734631900381576,-2.212898199639202,2.2114948558108725,-0.011194192185032939
1761.8319999999999,0.2360228979386282,0.2979719020430596,0.8289612579956601,-0.002489744034950543,0.0018333678772939992,0.80250210276916,0.09158971493397469,-0.0004234372540819851,-0.0011421794422727283,0.005264609303613492,-0.009932265679939357,-0.016216715564171043,-0.1651982567773983,0.0373384078076316,0.9735784139601991,-2.2133472130949974,2.212004985187731,-0.01023574538189878
1761.864,0.23911762759406513,0.298017861032444,0.82895689176721,-0.0024660682555422506,0.0018578323983219909,0.8020718389553254,0.09675295430273789,-0.0005761438587302659,-0.00023286328242387626,-0.0003767115045529479,0.0016641238065434078,-0.007303454953758729,-0.16209957639873646,0.03734297710364347,0.9736903540165347,-2.2137985654096815,2.2125167818720994,-0.009263029233635766
MISSING
MISSING
1761.9599999999998,0.2493791955023409,0.2979625470498811,0.8289272820241324,-0.0025251408796696287,0.001659231956164194,0.8024615098462384,0.11861937040215244,-0.00019637489534030924,-0.0007275740234664291,0.0034506899088302396,-0.0065218905915449665,-0.015519992472528795,-0.15280146283196933,0.03735611988183281,0.9740058986836924,-2.2151617167557656,2.2140568865552184,-0.006264160309191721
MISSING
1762.032,0.2585222760047636,0.2979300039507008,0.8289591803499363,-0.002472404257817026,0.001903855705836278,0.8026578518580414,0.13311676772279227,-0.00010198983414844559,-0.00025224355754130894,0.0038386335657975366,-0.007683178670736949,0.00892658407717478,-0.14660099105709373,0.037364407272483295,0.974198787530244,-2.21607277087037,2.215081901360535,-0.004202598625621844
1762.0639999999999,0.2628780294017424,0.29794187670651834,0.8289290409489894,-0.002448556808032847,0.0016226723024138205,0.802503053191638,0.14303651414667878,0.002042154114882267,0.0009317627704136682,-0.0017971330891572773,0.004570795690941288,-0.013952025756215132,-0.13465521252258517,0.03549471487216483,0.9240168259564782,-2.106842908620092,2.1877413984522533,0.5306747257336959
MISSING
1762.136,0.27349361546053236,0.29801392940200033,0.8289899707526086,-0.002448729872038619,0.0018445453869939828,0.8027578454173394,0.15354738413462668,-0.0006110264879898084,-0.0013115382889520547,0.003337676024377889,-0.007151001654789311,-0.000632784704153261,-0.12541483107673207,0.035079632064638135,0.9165080566658077,2.0617793622405642,-2.1636246517686324,0.7457648209700004
1762.1599999999999,0.27724315000006056,0.2980278374469412,0.8289703112821837,-0.0025815639769615328,0.0017930095784855068,0.8025790296156179,0.15903425783093578,0.0003617105254095107,0.0018898696748802129,-0.01212029211947799,0.012096113098759938,-0.013915138548100168,-0.1279912528810082,0.037386948990286106,0.9746883466412414,-2.2187641878486373,2.218092724333624,0.002237830897134848
1762.1999999999998,0.2837848360921752,0.29797383309876524,0.8289628410415557,-0.002655546368020902,0.0018902327268946234,0.8024118898149316,0.1654709598540497,-0.0014427812591199505,-0.0014255560314771004,0.005831713121722048,-0.01459816762329885,0.01601250425944144,-0.12178522594044391,0.03739367118309849,0.9748201633447056,-2.2196290802739322,2.2190556036763387,0.0044574510211750126
1762.232,0.289270627181869,0.29794889659147833,0.8289588349677064,-0.0026227715798319952,0.0018108875699470678,0.8026769342286763,0.17354035572814866,0.0006178457902651919,0.0020607039514112524,-0.00690147159181694,0.01591343133980088,-0.007567976367983359,-0.11071696377727358,0.03505984752039008,0.9159121408333979,2.057416122618029,-2.153376560233107,0.7265766727562308
MISSING
1762.2959999999998,0.3008401928994471,0.29801020986697335,0.8290219357025113,-0.0025924889109463743,0.001861368278073347,0.8025442043757737,0.18173085854682636,-0.0007512769367259281,0.0005810278995965847,-0.0032425681105585666,0.008630680969451946,0.02694156432581022,-0.10626405899424483,0.037408667949321774,0.9750758527376323,-2.22165909746424,2.221309329581177,0.010137129474595557
1762.328,0.3068422628463193,0.2980170211614271,0.8290121083906871,-0.0025962430222251707,0.0018197620294941623,0.8027240948893377,0.19119442610226922,-0.0007279185775237131,-0.0016327759716354736,0.0053113464170410265,-0.012525440150130025,-0.015812313888518194,-0.10005314983449619,0.037413911810706524,0.9751469152066392,-2.2223979048733575,2.2221284660880793,0.012457096054129065
1762.36,0.31304950600641324,0.29795955967984034,0.8290084939190173,-0.002552103830101484,0.0017519074655592184,0.8022668589007446,0.19760541766693548,-0.0007527495385920976,0.0008452832106688941,-0.003305932362476337,0.009589995709834714,0.002503246988783437,-0.08725603727997713,0.03502794687722899,0.9148765377316024,2.050638480150759,-2.137013967441568,0.6961489007747048
MISSING
1762.432,0.32715677611344907,0.2978981967114192,0.8290260228963408,-0.0025521665821227535,0.0017965110521529178,0.8022283744833891,0.1831790794235455,-0.00034096557922738387,-0.0011470089180642881,0.00212658649624422,-0.006997765171953844,-0.012225697467081189,-0.07554792959088391,0.0350115268429678,0.9143074561066612,2.0473104154601787,-2.1288289110156167,0.681054868785296
1762.464,0.33296438321521327,0.2979441443187279,0.828976412760136,-0.002646784491056349,0.001472261676825277,0.8022137414055276,0.17555604100690783,-0.00047916607279811085,-0.00022305090307848797,-1.4197542757152834e-05,-0.0021524382015492595,0.016712394977754487,-0.07208686608002239,0.03743150475404328,0.9752182166520972,2.2178498481219258,-2.217873901791021,-0.023251692689262124
1762.4959999999999,0.33846975783484,0.2979140350633102,0.8289707009313911,-0.002614964089670364,0.0015143248146418365,0.8027398868571541,0.17350104093115,-0.00047477477501401837,0.00018536561419517012,0.0005993175177018029,-0.0018557230401732591,0.004144464348936186,-0.06586838134852893,0.03743387929854058,0.9751717515541337,2.2174721308471894,-2.2175477017608105,-0.025812161070824822
MISSING
1762.568,0.3505572423525236,0.2979207373965633,0.8289864030045238,-0.0025631957407255463,0.0015711505357742911,0.8021949379951216,0.16246796644622802,0.00048615459512850044,0.0002012495894986606,0.001479653215766497,-0.004093362825097184,0.006155655751050038,-0.049251702710658374,0.034972509864859204,0.9128676771516613,2.0398883606224363,-2.11035308649365,0.6473713483477519
1762.6,0.3556554260059651,0.2979061002906623,0.828967306561389,-0.0025466850576357954,0.001585630791513765,0.8026362973084314,0.15403698813730698,0.00018623573584396335,0.00048248132033753557,-0.0029649819047043303,0.008658243023500711,0.014488376455817497,-0.047205381294575646,0.037436664438825144,0.9748651193979805,2.2170922223507326,-2.2173139631758785,-0.034359781315335146
1762.6319999999998,0.36044888325375496,0.2978802301512221,0.8289996319205104,-0.002561870509408872,0.0016995405953560997,0.8026465062892335,0.14460388177858813,0.0003319114656633342,-0.0007225662697374528,0.002081651572782938,-0.005604268673700252,-0.006594118482154643,-0.040982205977734505,0.03743583872377046,0.9746980144315311,2.2172345331087553,-2.2175131468794733,-0.03770167429992004
1762.664,0.36488515717107417,0.29783253999403947,0.8289369211832125,-0.0026079973255964026,0.0012082959450070078,0.8021514711251493,0.1406933587559521,0.0013206240650611395,-0.0007976370150366749,5.997653268219315e-05,0.00020939178735864672,-0.009859921710787152,-0.03475825145068886,0.03743394710978958,0.9744930033698523,2.2175030199929995,-2.217851793991179,-0.04143148524630382
1762.696,0.3693477926511452,0.297901137928776,0.8289607325827949,-0.002525026552722477,0.0016715115477439445,0.8020412478390799,0.1371022677071462,0.0022585975480071603,0.0021758450257377687,-0.004071599119427669,0.012652376821302354,0.003767110789704926,-0.02853382405038025,0.03743087051690724,0.974246727828739,2.217876122773689,-2.2183166228708644,-0.045648863917125894
1762.7279999999998,0.3734984598148618,0.29792686363631904,0.8289960352416623,-0.002513149698566582,0.0014974362113944558,0.8023625260744881,0.12694297108734137,0.000252866780501644,-0.0015977965642783756,0.0046246699467104024,-0.013073017980837681,0.01775934224850189,-0.02301329102129848,0.034929575045942525,0.9111687204743875,2.032467999767761,-2.091738926806228,0.614054599376652
MISSING
1762.8,0.38220865014282623,0.2979962239329212,0.8290147755428111,-0.002472566485723287,0.0018397431910592962,0.8028961312398187,0.10883384446085732,-0.0016689374442645391,-0.0019413565987280272,0.0048057802093749566,-0.013967451369021217,-0.00968620445814443,-0.01297354277695065,0.037417430621675275,0.9734351547541696,2.2190059322648983,-2.2198367824992586,-0.0588523596117174
MISSING
1762.864,0.3889110377786206,0.29795438241309913,0.8289801534400482,-0.002525817366676665,0.001565952830959852,0.8021959156850225,0.10199416777660487,-5.9309027524988105e-05,0.0022118679752387944,-0.0040038527315081965,0.012852382420627192,-0.00618093988183884,-0.005550212949337365,0.034898329661761165,0.9098757475816671,2.027483306007928,-2.0792293519918457,0.5920346817048039
MISSING
1762.9279999999999,0.3948640427869172,0.2979206106577055,0.8290137373385366,-0.0026325483769642083,0.0012961606417810601,0.8024672996743976,0.08541796566056577,0.0008565095871530467,-0.0008079024970045926,-0.011599950001278198,-0.017352198636649486,0.013245335948056288,0.002579042341441382,0.03739576915686033,0.9723454020768534,2.219769788343318,-2.2213396231892353,-0.07600615522404114
1762.9679999999998,0.39768478286476416,0.29795440706537996,0.8290794481691085,-0.002636775959750101,0.0015643358559228153,0.8029088255589826,0.08116210269717025,0.0002708456569174465,0.0010128618762111402,-0.0030111189395038086,0.005388008538682692,0.016604196568363247,0.006079554209982431,0.03487625008846038,0.9089393846971884,2.0241349909480046,-2.070841004271488,0.5774341050703067
1763.0,0.4007905411508384,0.2979347470119395,0.8291148638100604,-0.0025896502475485873,0.0019639748132752816,0.8031586850535692,0.07131237515114112,-0.00011164105781943881,0.0006238534008284994,-0.0006859056156192948,0.0010743691292857628,-0.0016395458227645998,0.009743991438367659,0.035434527711965313,0.9198110749745556,2.0778972589474125,-2.214471524331654,-0.6890751678723924
1763.032,0.4029890457370869,0.29793142940946776,0.8291089367901979,-0.0026212257389522237,0.001825108050337441,0.803048804748507,0.06338511842047735,-0.00031791404211896476,-0.0016303136259483372,0.003330739645008151,-0.0112499427621829,-0.006315284868765824,0.01189086254847017,0.0348648306754902,0.9084486909082489,2.022452389309411,-2.066632075954477,0.5701563027623494
1763.0639999999999,0.4049558667600708,0.29793617678493856,0.8290374448200151,-0.0026453170164373392,0.0013992974718798933,0.8027948262260275,0.05871125738630008,0.001321089692364645,-0.0017335600746542614,0.0039008103194186996,-0.012271544446659875,-0.011821454679652715,0.014795639028457732,0.03485902640126254,0.9081977237453053,2.021608908352952,-2.064523957305944,0.5665228017068801
1763.096,0.40669926942049955,0.2980215129204431,0.8290404672189059,-0.0026965714328065315,0.0012105766597878059,0.8024695619224099,0.05072439165860376,0.005366315410234717,0.00031028198943662777,-4.910213236559098e-05,0.0002935679743257236,-0.00411384700026121,0.018116756772833278,0.03736731708711933,0.9710198335801247,2.2195274467342805,-2.222259078843461,-0.09607159337147153
1763.128,0.4082098551733507,0.2982572373008909,0.8290383694258792,-0.0026889701099687704,0.0013735150607067878,0.8024078130860736,0.0423971292936448,0.009400439649122018,0.0009785859261045714,-0.0018190057642050077,0.0059236802281652234,0.0006606970076016702,0.02122210861551737,0.03736098096402241,0.9707312528609311,2.2193335684449735,-2.222348051787228,-0.10030787482319635
MISSING
1763.1999999999998,0.4108777777927274,0.2992392601426225,0.8291162877421236,-0.002621708999030279,0.0018637488786694694,0.8024761396518701,0.030648910762445476,0.017137022415760383,-0.0008244280869971714,0.0008718584771478208,-0.00284826438618733,0.003282227510865389,0.023506516968622812,0.03484123930385457,0.9074224670071841,2.0190696617129555,-2.058185258687246,0.5556430564104325
1763.232,0.41167885359920764,0.29979725005833496,0.8290830208407038,-0.0025983222880329084,0.0015889251924064392,0.8024854933165775,0.024190109432052024,0.020241784408217302,-0.00045579175338776,0.0016488742782625,-0.005396939950567341,0.0014659985928633006,0.0274304605475758,0.037347772144525344,0.9701336893146018,2.218798906672838,-2.2224269654031263,-0.10892552382300551
1763.264,0.4124074557723271,0.30049173913461286,0.8290804876754546,-0.0026333685199123134,0.0013444486594932931,0.8026512781225446,0.022040285221918046,0.02317886450168967,-0.0007997488671973211,0.002025172289601392,-0.00657748833486031,0.0041503041775199905,0.026409010216424438,0.0348351871853187,0.9071566508422457,2.018220317586533,-2.056067686144527,0.5520231425303043
1763.2959999999998,0.4131041501539082,0.30131718023855536,0.8290277220833786,-0.0027214012980630482,0.0011900714261821898,0.8028399675968642,0.016595684817659474,0.02621615144551772,-0.0015413576670470395,0.0020142056675247896,-0.006546469487508155,0.005112842870818874,0.03053343833814634,0.03734092237171862,0.9698253458150753,2.218459478097229,-2.2224174227976645,-0.11329124250333981
1763.328,0.4135126565233659,0.3022334300309149,0.8290234948031481,-0.00269681438841882,0.0010487565144456825,0.8030534829015924,0.012842559395559628,0.02903528397631741,-0.0006972484214205041,0.0004745301645546724,-0.0016631408269662637,0.0031399583206553625,0.03053343833814634,0.03734092237171862,0.9698253458150753,2.218459478097229,-2.2224174227976645,-0.11329124250333981
MISSING
MISSING
1763.432,0.4145652139032832,0.30601030559756703,0.8291071119499817,-0.0026200729324993375,0.0020397643577868847,0.8020977995684269,0.002432017682340886,0.04039136871739754,0.00017666714054566333,-0.00118533994992786,0.003071142940132249,-0.01642201922343106,0.030072792510728013,0.03558496537738941,0.9066553080316507,-2.0427699394365817,2.1937355848819706,-0.561893635477549
MISSING
MISSING
MISSING
MISSING
MISSING
1763.6319999999998,0.41414625609746514,0.3173734928270708,0.8289969276189315,-0.0026908567649309586,0.0013499101997732463,0.8026465505901168,-0.0005887538003197649,0.0765706985816952,0.0010639206807156229,-0.0034061490002540774,0.009465866321756923,0.015905949454266866,0.03050750846813144,0.035141945458116074,0.8766759552743368,2.382008790282143,-2.360758403454077,0.5401931095781198
MISSING
1763.696,0.41403622900038056,0.32269131717607535,0.829069554013643,-0.002690075235629552,0.001893085155595673,0.8028142866106323,0.0005178586585435197,0.08728446140633171,0.0003705296872118696,-0.0022084563895756856,0.0054563099241395265,-0.020852315198675073,0.03050750846813144,0.035141945458116074,0.8766759552743368,2.382008790282143,-2.360758403454077,0.5401931095781198
MISSING
1763.76,0.4140933457881423,0.32865265886077827,0.8290187493580332,-0.002684214876322732,0.00143543207187423,0.8030387649077686,-0.0009616694579999232,0.10033587576143121,-0.0016811256665118183,0.00253763194566854,-0.007247837994952294,-0.00881790202082277,0.029937105339220272,0.037099241202814166,0.9066175647600987,1.956090225979411,-2.143168588252589,-0.5254432360343462
MISSING
MISSING
MISSING
MISSING
1763.9279999999999,0.4142280726556166,0.3486247198049902,0.8288719761103246,-0.002675155515018086,0.0020788930434972115,0.802687883089983,0.002384958149067262,0.1374312447776517,0.0008958735678816687,-0.00727501312215465,0.016625017091484402,-0.012496657903398172,0.030513263692608938,0.037946149653240786,0.8767066044911791,2.3805450600929703,-2.3576298817683523,0.5437688239407076
MISSING
MISSING
MISSING
MISSING
1764.096,0.4140615808471063,0.37414827165363607,0.8288825563014415,-0.002722943784659771,0.0018209000436556681,0.8028323726760488,-0.004047026733622716,0.1665041932152183,0.002228136704466946,-0.002372228958411859,0.004221553253170853,-0.021775623492370718,0.03175151515618588,0.039132954631183076,0.8719689198919713,2.251871865966207,-2.4752989818313753,0.5482232808783426
1764.128,0.41399036528666394,0.37954233630977147,0.8289392927335812,-0.0026750813511930366,0.0016315696693029976,0.80287699351822,-0.0009405450164575752,0.17394321178022001,-0.0005992825491239111,0.005328225306147069,-0.011669416295327605,0.018147069890178533,0.03175151515618588,0.039132954631183076,0.8719689198919713,2.251871865966207,-2.4752989818313753,0.5482232808783426
MISSING
1764.192,0.4140934500874799,0.3913167880700067,0.8289644954619272,-0.0027414208986612973,0.002020767889467012,0.8032027226997489,-0.002192493273627504,0.18870467985793524,-0.0012182490072078767,0.0037553100833020996,-0.008419610654137643,-0.008790313828014821,0.03167541900442491,0.04056812349027208,0.8722678574853892,2.2128076516224575,-2.2177418670639937,-0.11799943016882754
1764.232,0.41399493971001855,0.3988901481810254,0.8289329525983552,-0.0027358347568572495,0.0017361753553704203,0.803012102731414,0.0004883475614977792,0.19648014534544683,0.002359911417259911,-0.007080153703329824,0.013282089505550734,0.014326402236364949,0.03167541900442491,0.04056812349027208,0.8722678574853892,2.2128076516224575,-2.2177418670639937,-0.11799943016882754
1764.264,0.41401418427364256,0.4049949975288433,0.8289349978111314,-0.002714565557797743,0.0016564809813423653,0.8025608087197582,-0.0009136247442389214,0.18917961131196576,-0.0019038378140398024,0.00801116613104261,-0.015403489698210138,0.005948535838933927,0.03167541900442491,0.04056812349027208,0.8722678574853892,2.2128076516224575,-2.2177418670639937,-0.11799943016882754
1764.2959999999998,0.41394184559102354,0.4110481540842135,0.8289805382218232,-0.0027918384484756187,0.0018532852303071545,0.8029385882383135,-0.004708059634863988,0.18046504775903693,0.001473489497623896,-0.0023951331371169934,0.0038924852790643053,-0.013075672925459804,0.03167541900442491,0.04056812349027208,0.8722678574853892,2.2128076516224575,-2.2177418670639937,-0.11799943016882754
1764.336,0.4138317174439505,0.4180212295927974,0.8289376378615776,-0.0027563645479586796,0.0014020090020413472,0.8026884514457655,0.0009687797397948307,0.17367389917538487,-0.0003304747841017689,0.0032750678916687497,-0.00594672335120908,0.0189472092995938,0.03063613192458938,0.04153727817554195,0.8644923190240721,1.8523943007791743,-2.0122363607446974,-0.16222382753696218
MISSING
1764.3919999999998,0.41396089453265333,0.42750492078804564,0.8289738649625191,-0.002779125180368785,0.0018076479004760534,0.8028272021040723,-0.005814218612111533,0.16058386949650733,-0.0016035860265602505,0.009301504001140872,-0.01618972106348135,0.020109178304550043,0.03167802695192828,0.04335449622438922,0.8721950450422198,2.210932515201456,-2.216078405027989,-0.11753979865115398
MISSING
MISSING
1764.4959999999999,0.41383641445201697,0.44300328568981245,0.8289884173345106,-0.0025248036901506996,0.0012422129577173296,0.8025482917883027,0.0005110757506776783,0.14389376566563547,0.0003955435208163314,-0.00896466024229029,-0.0006250679723090909,-0.018795922119602335,0.029047698214142714,0.04087104895914053,0.7970337853282535,2.367487897222901,-2.341905505636561,0.5214235530616895
1764.528,0.4138708460880863,0.44746023595183915,0.8290479287143733,-0.0025653969361399214,0.001648900692687959,0.8024504514840933,0.0006768597165963781,0.13551263675214612,1.8260370326646652e-05,0.014251638025993923,0.010142280160978706,0.020721598134381708,0.029047698214142714,0.04087104895914053,0.7970337853282535,2.367487897222901,-2.341905505636561,0.5214235530616895
1764.56,0.4139093291924596,0.4517762713504336,0.8289985158142366,-0.0025013858957841496,0.001599978769920923,0.8027596381117191,-0.0008369182588035693,0.12757402219745934,-0.002988908988979937,0.023119255942891232,-0.003857858448485002,-0.00756665465721505,0.029047698214142714,0.04087104895914053,0.7970337853282535,2.367487897222901,-2.341905505636561,0.5214235530616895
MISSING
MISSING
MISSING
1764.696,0.41410505798185804,0.4673479931961303,0.8290020542449371,-0.0026537103438661804,0.0018418599569495347,0.8020004997109541,7.910929445326151e-05,0.10220522478759216,0.000961112774066122,0.009558521850787307,0.022089541720551168,0.007734054387720382,0.02905403164828407,0.04342150901182396,0.7970519875267752,2.365963106182848,-2.338822802685905,0.5249864132736147
MISSING
MISSING
1764.792,0.41381360593649735,0.47609702454336933,0.8289722304789441,-0.0024053521875679815,0.0011325113955526045,0.802366085775644,0.001435102111982118,0.08045109034346895,-0.00029503173402478487,0.013591984383458402,0.011434150406008666,-0.017073271372917406,0.02842327000232468,0.04336363588076981,0.7829954876232795,2.1503273240879213,-2.3297917827340924,-0.5334240897129214
MISSING
MISSING
MISSING
MISSING
MISSING
MISSING
MISSING
1765.0559999999998,0.4140403978323198,0.4913218957496336,0.8291969224279576,-0.0026847036184838094,0.002093763464252647,0.8023273494848541,-0.0008184083039410606,0.039864063019280215,0.006558343652732974,-0.00924196272682383,-0.007501017962924633,0.011018561799005136,0.026882961303245505,0.04291993215967689,0.756338711635519,1.8998211869796318,-1.9725996186737456,0.4688566558709009
1765.12,0.4138758352067533,0.4935186821797287,0.8297886413099219,-0.002517673104638437,0.0014856470708877766,0.8031469288130766,0.0006843912492196133,0.0300947491809407,0.011770553955734267,0.012386646148372876,-0.001793739638719082,0.0049609591282144235,0.027502953431927,0.043820849669804866,0.758486597888228,2.0730685456341877,-2.2006657205311444,-0.627475501410521
1765.144,0.4139419817499989,0.49422817219256543,0.830104807944541,-0.0024545866294023127,0.0014242977320897178,0.803144107676594,0.0028090562639520025,0.026458781428025456,0.015121086917145367,0.02271942326533346,0.01013915287371575,0.002484524987752275,0.026688234014121088,0.043172605349918944,0.749957463105051,2.0237283988303396,-2.048133881087959,0.523830272248786
MISSING
1765.192,0.4138244960345555,0.49544440080252417,0.8309842532626325,-0.002500022072355394,0.0009974654370907248,0.803236213497444,-0.00017320614929368448,0.025008330765759885,0.02168536124861278,-0.015129249518520536,-0.009340629906067712,-0.0012754421315264552,0.027538030505084944,0.04575159499189764,0.7928484372008601,2.2064080157980115,-2.2119219255369007,-0.11346728469442864
1765.232,0.4138560763935329,0.4963303144735986,0.8319813762300815,-0.0025230424707659133,0.0011566321782192223,0.8030293484963257,-0.004284698245036035,0.01852176501567822,0.026232986944528514,-0.012144318245966094,-0.013261600250362268,-0.007605157421934811,0.025691838902128512,0.04321744147984021,0.7598680774754061,1.8919513601962674,-2.0048790294873386,-0.3906203874705502
1765.264,0.4139441928006368,0.4969161099339322,0.8328778413489292,-0.0025529205909339526,0.0014025020429906919,0.8027273332663152,0.004647610714309112,0.017793858946162984,0.03141235704838406,-0.0045918844324269546,0.012332313776261684,-0.008661830420537793,0.026219590927355207,0.04276429481579472,0.7524993744042464,-2.1795963658865936,2.1069914382989126,-0.5322137004794808
1765.2959999999998,0.41400143859248556,0.49739939280473455,0.8340116356724476,-0.002595223057716661,0.0016463581763586225,0.8024139870851206,-0.0009743483763218679,0.01133487228751261,0.03926380802978595,-0.0016547030333488387,0.003949395223202866,-0.00780980327780874,0.026266097439370674,0.04170317496636512,0.7539231331034492,-2.019130756594489,2.050490427259076,-0.2166418082448766
1765.328,0.4139107515664623,0.49764204076337076,0.8353802055226224,-0.0025972280491180196,0.001597661850271701,0.8022691576822927,-0.000586480243722958,0.00809646433184316,0.04524013289096055,-0.001174582142188992,0.0025189230409385995,-0.0026586871827334662,0.027535143451069038,0.04321920870649779,0.7929277202308127,2.208207075373444,-2.2134855874990733,-0.11394455081758029
MISSING
1765.3919999999998,0.4140347787512421,0.4979663561741057,0.8387213199317691,-0.002667612648667869,0.001914998460706318,0.8022213392437223,0.002429568914662208,0.0023904126939670468,0.05869689753900025,-0.0025314761089219673,0.004025763720402303,-0.00015861928696346683,0.02735675807624309,0.039064308376997384,0.7508064365027186,-2.0821306024940793,2.2008794545248995,-0.5311988798275686
1765.432,0.4140266687932705,0.49791396100336294,0.8412540789192221,-0.002623943033949833,0.001891762788141942,0.8022097453111197,-0.001847481012250576,-0.0019901243308700226,0.06557935772286971,-0.0008524042779050137,0.0015483898375398962,0.0009145940023105809,0.028681902165038527,0.0392547921189634,0.7896555028747185,2.105768773859107,-2.3112401387924066,-0.11573214646046522
1765.464,0.413946902546254,0.4979036696772626,0.8434809824776217,-0.0026760594021655723,0.0018463682959561133,0.8022220809079956,0.0011631405853425602,0.00044304874942015926,0.07367234807811676,-0.0025257983510496057,0.003861161833657203,8.359821071896046e-05,0.026679972452451187,0.035986784586027554,0.7501819443299592,2.0289722600053963,-2.054882036095415,0.512707543250218
1765.4959999999999,0.4139672696618202,0.4979122684189733,0.8459051819730765,-0.0027032577263609732,0.0019714216016595188,0.8022945535229435,0.0031228000584199145,0.0020636618647004454,0.07892752149389691,-0.0027637943660028938,0.0041383322018545025,0.00015524459593360075,0.02667771789755308,0.03359088829723651,0.7502502293261278,2.0307109659011626,-2.0571179687253442,0.508985406037286
1765.5359999999998,0.4139969755835893,0.49788945956588104,0.8492687200682538,-0.0026796656245195896,0.001983286340857446,0.8022350096733962,0.002037105689290926,0.001399050284188594,0.08697344244482148,-0.001295767726047279,0.002061937910214501,0.0007448210960291458,0.02734727239627464,0.03186663689136696,0.7509336464069231,-2.0767895279895727,2.198703299623535,-0.517498524661689
1765.56,0.4140256019503891,0.4979342478244478,0.8514517616988799,-0.002722622856137238,0.00206661054525507,0.8023311774890896,0.0007015459782432666,0.0004787786298377511,0.09064417556324468,0.000792347283362737,-0.0008538901336458401,0.00043974131004774876,0.026673955113334123,0.028798152712267332,0.7503768591365167,2.034174949249463,-2.061569864483924,0.5015193568542574
1765.5919999999999,0.41403152429575985,0.4979401049717082,0.8545124964711392,-0.002688057676555408,0.002029199369441323,0.8023552848590599,-0.0009868445771315044,-0.0006869212684759996,0.09771714067395623,0.002970559606602261,-0.003922179939892447,0.00134343517008982,0.02734229231216903,0.027067570742332056,0.7510045613958962,-2.073217626272624,2.197232028991291,-0.5083790728944996
1765.6319999999998,0.4139841200947702,0.49795153941915915,0.8585659232919562,-0.002666728832821966,0.0018281111035397689,0.8024033389653287,-0.0014838313563749293,-0.00100745090091305,0.10675555041732282,0.004245595098186584,-0.005731358802159894,0.0005249536379158471,0.026671184973632148,0.02400415174326919,0.7504901099689866,2.0376215322824396,-2.065995380495308,0.4940244645279195
1765.656,0.41390310767702637,0.4978865798610053,0.8611753582884648,-0.0025849207378897537,0.0015232257672166854,0.8024511419870791,-0.0016704508529191877,-0.0011242397231191286,0.11131497464482451,0.005461630384367765,-0.007420292459887449,0.0017063826028351145,0.028670373083850672,0.021588936299993814,0.7900101248087761,2.1185808364073555,-2.3239535114422143,-0.11971818954061511
MISSING
1765.7279999999998,0.4141112989198408,0.49801738135996754,0.8696990474468497,-0.0025641662128007914,0.0015591206168697786,0.8024870697314668,-0.0002015975495964987,-3.0446481407113676e-05,0.12593201224818656,0.0016146782245622722,-0.002071956505323905,0.0009986478907950212,0.026668612550893082,0.014412323425192771,0.7506759422199729,2.0444643475640696,-2.074767950688245,0.4789491312283765
1765.76,0.4139745701126972,0.49794524142153446,0.8738673650014499,-0.0024932393486295653,0.0011928949511473483,0.8024629319222915,7.518769668737864e-05,0.0001867764929887751,0.13222096596640656,0.001167309363944065,-0.0014418796239899698,0.0007022898246921032,0.027333198771025396,0.010266129140281636,0.7511608226111386,-2.060640050072519,2.1919430645683238,-0.4765596321917509
MISSING
MISSING
1765.864,0.41389160754960724,0.4979023258149461,0.8889329790850251,-0.002535717417574202,0.0012417712283986553,0.8025591603535617,0.0006777100161352428,0.0006605683719020071,0.15454426701565263,-0.0054084208522323495,0.0077560167553505695,0.000689655061204008,0.026840427879782188,-0.003024380377154793,0.7564369843146841,1.932800566205899,-2.0073312483027683,0.4023478765264701
MISSING
1765.9279999999999,0.4138431700686428,0.49788135142510254,0.8993731555106123,-0.002634986603060066,0.001760800842459883,0.802630962834811,-0.00118499160992992,-0.0006391864174777608,0.16777703734118057,-0.0037985341601908347,0.005488439126132551,0.0004301948577648917,0.026681852606920856,-0.011991742632537692,0.7509018218061954,2.0629502763826353,-2.098351337174935,0.43692598463460874
1765.9679999999998,0.4139353033419347,0.49794131633199396,0.9061602064554841,-0.0027054006104280538,0.0019759896683867084,0.8026061961195349,-0.0011800401177859982,-0.0006241058724851714,0.17414156408958098,0.0025537196006499992,-0.0033576290273098193,0.0007465267102739849,0.026845170507912294,-0.017536770811390802,0.7561931084655121,1.943002775357976,-2.017851473853635,0.38107100020079043
1766.0,0.4137883744306076,0.49788272538209494,0.9118947404633221,-0.0025313757089192486,0.0015495036899644532,0.8026531843354205,-0.004425157683441532,-0.0029319054527198406,0.18257032223069974,0.008189019781013615,-0.011217298275430799,0.00045812141634220987,0.02522031581580951,-0.022071879407113814,0.7293395267708994,1.9951996764357034,-1.9825872126753097,-0.4655216388456823
MISSING
MISSING
MISSING
1766.128,0.41370636325028043,0.49783689542487025,0.9366192316322699,-0.0025467592764804987,0.0015100229058012601,0.8026604254846893,0.0005289043256125945,0.0006613503651325463,0.19293744594026715,-0.004033024801228383,0.005878988771632358,0.0005452384784597164,0.026009363614768004,-0.04616535473374665,0.7499113716467968,1.975854915793798,-1.9940313513448529,-0.2826246623155521
1766.1599999999999,0.41371891416825674,0.4978245455945539,0.9426888732466772,-0.002520326788348724,0.0015205188858870232,0.8026467042001408,-0.0014542408170214812,-0.0007642211807817029,0.1863095880427079,0.005192817033015868,-0.006995290203917605,0.0004057517931400991,0.027523940085306172,-0.055655854621722685,0.790839115324776,2.1728470024130417,-2.165622990693726,-0.07598012014446648
1766.192,0.41376724305701307,0.4978585860026699,0.9484002999900123,-0.0024313290562715693,0.0011404429129578926,0.8027043331223427,-0.0011001499697675153,-0.0005187445526640371,0.17846819999772598,0.006119021246995202,-0.008321010979024783,0.0004010428802392879,0.027533027269218174,-0.06324096906269237,0.790282174825492,2.1741499955102386,-2.165852714705069,-0.08892020157225439
1766.232,0.4137842483247527,0.4979104932101957,0.9554528830062085,-0.0024675398029337593,0.001266387346245673,0.8027738845476696,-0.003713339175347596,-0.002394597749283093,0.1742026222378586,-0.0006967382312675029,0.001177168460431125,0.0005807831765732543,0.026035165885632615,-0.06533562460389634,0.7485335661293859,1.988329793721773,-1.9976390746445103,-0.3076490404512195
1766.2559999999999,0.4137523514212425,0.49788719076675975,0.9595299682354445,-0.002534655180102594,0.001465209491753159,0.8027366279143432,0.004509354044655944,0.003477611611364378,0.16725832421295028,-0.010865940815126325,0.015388063005156567,0.0005647674251421535,0.02755359567241834,-0.07587417856492672,0.7892829943992532,-2.27392649316513,2.2632158405447735,0.1144329115638197
1766.2959999999998,0.41370674398181906,0.4978541235781874,0.9661221338416159,-0.0025282906277420266,0.0015123570946891664,0.8027462140772579,-0.0032871491775526736,-0.00224469973104698,0.16030266470021498,0.004322469967845038,-0.005825841083669184,0.00035408325738132165,0.027569350152269773,-0.08344932732970707,0.7886459419691002,-2.2729245108957183,2.2609140879490566,0.1266466936708065
1766.328,0.41372227893479013,0.49787965958346114,0.9710082848247219,-0.00252157218616254,0.001213664449092931,0.8027318090368405,-0.0001974142100437673,-4.663640261944404e-05,0.15077612401068127,0.006850400795481663,-0.009345792549105371,0.0002469705284557868,0.02607998492190053,-0.08449023008719539,0.7470274190552868,2.000874082963536,-2.0011779562671514,-0.33243310230314876
1766.36,0.41377398911960267,0.4979026118810768,0.9757587690967002,-0.0023940077759460774,0.001168980554894222,0.8027777104475438,0.0029700005034108048,0.002113822614467055,0.1467390766376984,-0.005181463995601184,0.007448826701701677,0.0012105873086894802,0.025355777331031313,-0.08735605072510524,0.7259136718294936,-2.37589605486496,2.3168796325273524,0.6416213532995053
1766.3919999999998,0.41373523933746126,0.49785843358012755,0.9804042523887327,-0.002464965901401881,0.0013324051263109208,0.8027757008681422,0.0017693161107812244,0.0012468508886316406,0.1417063052283246,-0.01043930570703988,0.014774802996000426,0.0006798237736214512,0.027616615495774346,-0.10111300119315979,0.7870676313866519,-2.2701757982489332,2.254948240649246,0.15343080682740026
1766.424,0.4137869214400288,0.4978943923797159,0.9847771303365556,-0.0025549666875732836,0.0016927245259739966,0.8027019821534727,0.0009345727912961288,0.0006397381924520479,0.13335241527392117,-0.0010027543141220851,0.0016023953425349862,0.00015691313945645507,0.027632924683160053,-0.10615733864699596,0.7865964371559098,-2.2692918343539468,2.2531091198101043,0.1606445482389992
1766.456,0.4138288797780204,0.49793739478177673,0.9888866869961587,-0.002498664802613441,0.0015682769091949498,0.8027232335688147,-0.002270084392377718,-0.0016512729639540909,0.12641552272571485,0.007446483552372221,-0.010200818140736645,-2.0001276382517655e-05,0.027650520744039866,-0.11120086648349527,0.786117565489832,-2.2683674519578445,2.2512181099455475,0.16766104189655603
1766.4959999999999,0.4137267382252966,0.4978616024443139,0.9937680203780384,-0.0023601546243732733,0.001023099187442164,0.8028039084312506,0.0036869862573042774,0.0024200013498365588,0.11817695410094319,-0.0022475188044227762,0.003335994141618874,-0.00035410217152494753,0.027669424929330264,-0.11624374759239207,0.7856317181518351,-2.267404692746792,2.249279678530751,0.17447784145922185
1766.528,0.41376788282495336,0.49789694186286215,0.9974810669265747,-0.0024031137891656535,0.001228274005439654,0.8027419269061686,0.0009488407299336184,0.0004646791956508483,0.11443891068597764,-0.00629812828067692,0.008972639875536311,-0.00038805043884443445,0.02768965806416815,-0.12128615395655358,0.7851395861391899,-2.2664056871261433,2.2472983675944174,0.18109188067550033
MISSING
1766.5919999999999,0.41399118459653694,0.4980319498453005,1.0042563514115292,-0.002575932842602609,0.0019702321741367087,0.8026659525067885,0.004473231624311431,0.003100688275417731,0.09834189013643785,-0.0024368894593872984,0.0035853246090746084,-0.0002569151668208158,0.026232607669952758,-0.12280010136473322,0.7438094339567514,2.0262894789062997,-2.0083454485690075,-0.3805169610034707
1766.624,0.4139801823076069,0.4980183315766862,1.0072963984558696,-0.002499329486893171,0.0016962823990874134,0.8026992979069727,-0.0012875519801899072,-0.0018053450119772639,0.09243013493094417,0.006928881084839962,-0.00951066381317308,-0.0012549305934562798,0.027746187332327477,-0.13389129377870376,0.783886187323387,-2.2637643777299985,2.2421879932573194,0.196715217503757
MISSING
1766.6879999999999,0.4138872560794266,0.49793575586991434,1.0128427923544194,-0.0024157299691165697,0.001232140801623556,0.8026827208797577,0.002214975655673925,0.001436677953772971,0.08000724828734398,-0.005228563277791894,0.007450796969428587,-0.00026627864153643205,0.02645428707184164,-0.13352438285187815,0.742963008429588,-1.8478901173241993,1.9533120524820669,0.03662990322971573
MISSING
1766.76,0.4139740407884724,0.49801056147688827,1.0181821502918518,-0.0026316031382495036,0.002049310141562572,0.8026913155750343,-0.0013154127475610543,-0.0009893228430686624,0.06739295658516019,-0.00013342196248068835,0.00031362953378870817,-0.00010080470152452537,0.026328867738894795,-0.13959005408089759,0.742407221624418,2.037601972343311,-2.011683013655666,-0.4005244854577977
1766.792,0.414062190230067,0.498092934990326,1.0201667901690274,-0.002637207842804494,0.002195066819263065,0.8026779733189815,-0.0014797577763482229,-0.0011197692637795885,0.058361182076180636,0.006675031038380376,-0.009197186751208362,-0.00010090891323883711,0.029535467234506525,-0.15578653122040448,0.8106762730706616,2.320770069309124,-2.272222888901869,-0.25091043071847124
1766.8239999999998,0.4140067186285405,0.4980497484167044,1.0219275487349133,-0.0025749836447066226,0.0018124774734390454,0.8027002101636276,-0.004392830327089179,-0.003212782624159063,0.05220077305536601,0.01072792346246395,-0.014871736700014864,-0.00011081582426545675,0.02513591877596367,-0.1403315954805618,0.7184704850660583,-1.803801684826251,1.858386613041701,-0.16485787951050557
1766.864,0.4138665298119876,0.4979365538922938,1.0239061471309594,-0.002380701833894447,0.0012324183219582377,0.8026498738973683,-0.0020702271108453438,-0.0015534582723526285,0.04525724425183472,0.0067505730062045605,-0.009324000324147885,-0.00011560476628708172,0.029569126824164772,-0.1610736176423629,0.8104522962281081,2.3162513716647686,-2.263420702207436,-0.24781402421515478
1766.896,0.4138718838615238,0.49791114604686526,1.025251797597444,-0.0024015710516455627,0.001107376074747963,0.8026365989956566,-0.001990299756724248,-0.0014768023659513657,0.04014024363496961,8.179659869117917e-05,-2.762701496049962e-05,-6.694623565209806e-05,0.02639279205623564,-0.14920167565715997,0.7416328431051057,2.0441328029603647,-2.0136939402422263,-0.4115577820170619
1766.9279999999999,0.4139177156865138,0.4979826712863489,1.0263587028906185,-0.002441828171110599,0.0012920646186963098,0.8026596210044358,0.0014530423623629871,0.0009941439711436703,0.03343419348392765,-0.0037070368273681336,0.005262088782612628,-4.303733390348646e-05,0.02613827009476574,-0.15358534237671626,0.7513188156029192,2.0238776663518068,-2.0273375937258225,-0.6376814844619515
1766.9599999999998,0.413990857017175,0.4979904507140523,1.0272957289963371,-0.002484628557025961,0.0014879334888793757,0.8026590347469948,-0.0011332521179909095,-0.0008641869594689356,0.02840782623565526,-0.0024492829413961994,0.0034898882246798242,-3.188476476908967e-05,0.02790166847655361,-0.1616311689335512,0.7810544282260926,-2.2573967921917366,2.230476472466071,0.22619971106866438
1767.0,0.414021060643381,0.4980187538536036,1.0282498014704882,-0.0025161221369650725,0.0018005889429747262,0.8026343522883534,-9.498271769681107e-05,-0.00033327050380562383,0.0195605045212185,-0.0026327062908889304,0.0037358839589370033,-0.0002825365687978217,0.027938078188696522,-0.16669737449616318,0.7991277170314389,-2.164564494929096,2.1125538670164263,0.2861381473449836
1767.032,0.41401574358021453,0.4980408733509463,1.0287101444531508,-0.0025978976253841755,0.0018852319732896527,0.8026819030308218,-0.00035009720988783444,-0.0005285714261054349,0.011697428633063,-0.0009150470883054985,0.0013260869680503222,-0.00027643175857337935,0.027917993063129743,-0.1641544177383357,0.7807943793876917,-2.2567920088445654,2.229401494251372,0.2285258906479268
1767.0639999999999,0.41397711089278755,0.49799125602083594,1.0289955674162163,-0.002556156456169696,0.0018699667516652902,0.8026459761837815,-0.0001162259841700386,-0.00031246568666207377,0.0056054070485445,-0.0010902794199932875,0.0015622231308009354,-0.00019489718282314364,0.026445226175460818,-0.15642153007087312,0.7410717166156642,2.0490658041928733,-2.015265581640013,-0.41960804289652365
1767.088,0.4140340438239214,0.49801482910910455,1.0290366148083134,-0.0026029790136986265,0.0020236687708896075,0.8026219280596393,0.00018788265781836957,-4.3931521216000275e-05,0.0005787045147346998,0.00036625169359148736,-0.000476418909565562,-0.00011622546056837912,0.026616098600027973,-0.15756507419177437,0.7410658749494378,-1.8249689064484678,1.9397707770925383,0.07326178408558727
