4905.407999999999,0.2162359379663586,0.2980646755532156,0.8290148591270683,-0.002573904011184933,0.0022451735334151593,0.8028215055220878,0.03195107397916552,0.001825876923543117,-0.0003688308772163938,-0.0018923107789517752,0.0039924466621613685,0.003306247245942319,-0.1957312698959735,0.0319257867603811,0.8671329817875001,0.0124385119869648,3.2623867298660607,0.024987859982471914
4905.44,0.2173026478548934,0.2980901511293098,0.8289703818365419,-0.0025707843315373514,0.0022740139200113896,0.8029067679574422,0.03825093954351908,0.0008356666650820938,0.0001096762446388335,-0.0017919726120975352,0.0038798565464696106,0.0007976752004108613,-0.19798514242226298,0.03299230063485037,0.874794278613062,-0.02652411957898876,-3.0842491659831492,-0.06933280707877089
4905.472,0.2182486408904019,0.2980968519143152,0.8289803618542296,-0.0025432043780832148,0.002304982785211198,0.8030277455127394,0.04077350134548493,-0.0008111643743979413,-0.0016144106601930712,0.003950518973340625,-0.007077668176397597,0.0051357546564974104,-0.1981027703875421,0.03292800121849096,0.8780376809401715,-0.028158567287316624,-3.0500834636020597,0.03348146931859561
4905.496,0.21959807332282108,0.2980551929286066,0.8289449641864408,-0.002538633939231589,0.0020144120037792292,0.8031365068123477,0.04716929242090716,-0.0001507988871525002,-0.0010081287453684387,0.0026921795013014906,-0.004640131158664113,0.007993373092570602,-0.1966493903370431,0.03300037458149806,0.8778693545346271,-0.023040012457202545,-3.050383441411404,-0.010436660832401544
4905.527999999999,0.2211789876585396,0.298052501317823,0.828916979953691,-0.002500955194505453,0.0017765032412258729,0.8032934513555225,0.05259586562616784,-0.0010365914624106138,-0.0008327427818752705,0.004301287320696493,-0.007814726033948489,-0.0029312082611370202,-0.19519690330382222,0.032997958896881285,0.8749208734989912,-0.026654509583400807,-3.082807598514354,-0.06938125797426453
4905.552,0.22247833012507828,0.2980348550491248,0.8288796855042894,-0.0024633585138181036,0.0015138008443225993,0.8032351510631968,0.05990956869811617,0.0001880282960069853,0.0012229662517269893,1.668084763078307e-05,0.00044157212787719364,-0.010482691535155571,-0.19530799674688354,0.03293298481846105,0.8781800497130337,-0.028203781256390125,-3.048515635356977,0.03406964773542104
4905.584,0.22445409307093886,0.2980311900859772,0.8289006761647739,-0.0025108650229474627,0.0014192168227056515,0.8029008130139604,0.0655958284780866,1.1929950753925899e-05,0.0011701376220279159,-0.0013997338440675613,0.0032460466593267137,-0.012367104307598752,-0.19573269926948364,0.032786536371214044,0.891278594570771,0.042726548123702295,3.1141205896498767,0.00942889533873404
4905.608,0.2260558768875172,0.2980208029633535,0.828927670234096,-0.0025022329561779602,0.0015606448071252546,0.8025786951622347,0.06984299503515567,-0.0006683847432195195,5.826702204199365e-06,-0.003015049484573807,0.006503731828207886,-0.013362161698090146,-0.1924084854675891,0.03300353824993414,0.8750457358335292,-0.02678573823815436,-3.081344130055833,-0.06942688109739403
4905.639999999999,0.22836071710743866,0.2979937749457207,0.8289251772464864,-0.0024875429048739728,0.001853652651044598,0.8024365302348262,0.07529273091357643,-0.0002103558226635316,0.0009711215552337248,-0.005066953556787077,0.010792713785052737,0.0016389260422269428,-0.1887104859274347,0.03198112260328542,0.8669358378864622,0.008401930635418867,3.2655508102356974,0.06168573303916614
4905.672,0.23091020022839184,0.2979989526423765,0.8289550334254658,-0.002514958240961273,0.0020839802049931393,0.8026184247522569,0.08449335588956375,0.0004221205135786926,0.0018366028615120335,-0.002304831623120537,0.0055256827753268145,0.010460939426141288,-0.18595344476237105,0.031987174944772774,0.8670803486524628,0.008557043945674076,3.2672321603769086,0.061697626837051
4905.704,0.2337494167175774,0.29801879235015066,0.8289611288826979,-0.0024893636409046922,0.0020841459716141077,0.8028361814420306,0.08707657889004936,-0.000657516419048624,-0.0009531363717938548,0.004812423805532961,-0.00884154755956437,0.00021314257952968725,-0.1831960437415802,0.03199314678332143,0.8672229234734016,0.00871306477426605,3.2689329472595787,0.06170841004188291
4905.736,0.23664870352293826,0.2979878040170613,0.8289314638242407,-0.00246891526577343,0.0017250532242948516,0.802598145918621,0.09418821323221094,0.00041480718721890536,-0.0002562060368050357,0.0023570416339562636,-0.004011636042437504,-0.013582125391990213,-0.18125297353665434,0.03302506798669454,0.8755268820829546,-0.02731860084802576,-3.075277340250425,-0.06958201821754559
4905.776,0.24067050428093392,0.2980685155328725,0.828967853398323,-0.0024682237546645516,0.0020359895590261784,0.8023126699424624,0.10168608173536553,-0.0004570333785036079,0.0001965041349412444,-0.004968225131557257,0.010368332990148874,0.0010625932223086857,-0.17987961165683514,0.03303375291489615,0.8786883524817145,-0.023430242424258663,-3.0407040161811065,-0.009479338543521551
4905.808,0.24394599723935442,0.2980545551822099,0.8289725328788129,-0.0025961910110354623,0.002202287974695236,0.8025552083902842,0.10777322596486837,-0.00023784871829438077,0.0006257007230510445,4.7588544019601475e-05,-0.003897368679618604,0.017231695286077577,-0.1770835669141537,0.033039041138361036,0.8788177357526729,-0.023494848747707624,-3.039021197743915,-0.009320574879625522
4905.84,0.24749007769131612,0.29802387433137306,0.8289818589135001,-0.002581827729823052,0.0019578245830432534,0.8027722752449454,0.11413459449653618,-0.0007690292363031288,-0.0015463714880665708,0.0052851482659279515,-0.012487061002363489,-0.003584497939987766,-0.17216279939727738,0.032016229630713065,0.8677728714292732,0.009345893150766296,3.2759243376568348,0.06174135853963502
4905.871999999999,0.2512824009570132,0.29802061927238144,0.8289637160290872,-0.0025706912492954523,0.0017500757822537171,0.8024024683241191,0.12508932420574054,0.0007422438838349015,0.0011891897654586387,-0.003375602371050178,0.007003375684066638,-0.010711310705715654,-0.1700943821453604,0.033045340296519156,0.8759764068083203,-0.027863099803640552,-3.0688853523603496,-0.0696960645062559
4905.9039999999995,0.2553805769237583,0.2980166952435806,0.8289685907574877,-0.0025534355698666857,0.002110354680492081,0.8024529016396011,0.12971325842273915,-0.00015184784689386633,0.00021927378404587293,-0.003654310783028792,0.007954076781268951,0.009832738650014437,-0.16730423138368572,0.03305021226090768,0.8760834842837647,-0.028000871417684148,-3.0672390752330707,-0.06971864296370522
4905.9439999999995,0.26060881899203525,0.29796941047311365,0.8289303187217814,-0.0025231507944727125,0.0018231137232930426,0.8027663758196902,0.1357206082990012,-0.00023525837918801572,-0.0013489219480509822,0.005145400645872566,-0.011187724338337722,-0.0038962383843837733,-0.16309860051607614,0.03306430922376762,0.8794312791748082,-0.023815389996415706,-3.030328705995142,-0.008533488997167915
4905.968,0.2639837804152994,0.2979929335335242,0.8289403118770284,-0.0025225758690824566,0.0018345712149874624,0.8024913723262895,0.14512683070221905,0.0016901785245151202,0.0016236630268087978,-0.003837755702085427,0.00884754029935901,-0.012050334223615053,-0.15893252464646296,0.03306435802865068,0.8763912218353896,-0.028417772655275075,-3.062190019395551,-0.06977334175198636
4906.008,0.2698075690614947,0.2980342606474105,0.8289930107380188,-0.002566273930414425,0.00214973345824565,0.802517521728891,0.14842043392776813,-0.00012023202562970143,-0.0007936850060392056,0.002294513818985394,-0.004588661792028314,0.016034852229099703,-0.1528403038224799,0.03205353230692773,0.8686495002812954,0.010484458384183827,3.2888344645599332,0.06176749173963935
4906.04,0.2746884760747677,0.2980649939389799,0.8289427086732944,-0.00250614828856625,0.0019205104521562045,0.8028539562956849,0.15515262604138333,-0.0005255323154832671,-0.00061050158076009,0.0018357361551159944,-0.004086207575408442,-0.004029326413505684,-0.15055887377102967,0.03307779906008935,0.876677724769597,-0.028839579930123104,-3.056983269570161,-0.06981023925445291
4906.072,0.27973965358269703,0.298034794973424,0.8289875084821138,-0.0025489446506718793,0.0020978151666125756,0.8026633278393579,0.16306454004380644,9.605156023701599e-05,0.0006834363856252875,-0.0030608287249176778,0.006267694032489702,-0.0034085247431710638,-0.14497532051708764,0.03308636837979234,0.8768563079824075,-0.02912321663435302,-3.0534294381141676,-0.06982614107392025
4906.103999999999,0.28497281483352205,0.29797135295215676,0.8289473020404913,-0.0025279716182631533,0.0017829846021539487,0.8027957504851505,0.1691308952934712,-0.00010917413184431347,-0.00010647622842373506,0.0022665025144383787,-0.005607489084347158,0.014956162297492795,-0.14170913967894733,0.03287699989111691,0.893452383757473,0.043838960280843865,3.1282331211644996,0.006120295452788503
4906.1359999999995,0.29056898544493576,0.29796127899678493,0.8289613997832629,-0.0025060346814434944,0.00198634502540072,0.8027846656989854,0.1750232426850669,8.909562609405425e-05,0.002156261388971151,-0.004535103680933229,0.011395111088344664,-0.011959757821834324,-0.13523586933240675,0.031698209183897416,0.8773455385704986,0.013429437774304507,-3.046946874384354,-0.06863997175131606
4906.16,0.2947923790869566,0.29797748001879043,0.8289964364743068,-0.0025393629237473363,0.001963617386572568,0.8025564128751157,0.1759465425540249,-0.0006102311636490649,-0.0021314321894352764,0.005437458740265722,-0.01568449100251133,-0.00604043384220492,-0.12996322585116882,0.032888282745442816,0.8798212985598797,-0.020721480827435634,-3.0521154064425855,0.10090518808614372
4906.192,0.3007241963271224,0.29802277829466456,0.8289759951198397,-0.0025796118394729685,0.0019216731679503232,0.8026520858036894,0.1827092369229749,-0.000737254033283639,0.0008043309492376323,-0.0041707816358629735,0.009245368657458558,0.020537567188379114,-0.12320344561324145,0.03201521436022671,0.871239748380582,0.005136528949202892,3.257798773785738,-0.023162998587542092
4906.24,0.30979935038332085,0.29800171918897456,0.8289689073250006,-0.0025636741828247,0.0017300366104057328,0.8026273401391749,0.1967001284680727,-0.0007298959997733566,8.244847038891436e-05,-0.00044918170972109753,0.0014039633967850142,-0.013898504874889275,-0.11847196448670867,0.031720368727906345,0.8777683204049769,0.012433114337615533,-3.03564433156819,-0.06869219519184887
4906.28,0.31770809006885253,0.29791531665171883,0.8289492864932979,-0.0024999772927680303,0.0017284630269881933,0.8026019329277728,0.1930230436767166,-0.0011854374507117144,-0.0015090109489444363,0.005929830585774111,-0.016554162434060143,0.016996018238737188,-0.11322346499934258,0.0329118227206709,0.8941643055809041,0.044375459251733924,3.1366591703740494,0.004668117373230818
4906.312,0.32399262035475723,0.29790365569706134,0.8289540056359574,-0.00251399303024137,0.0017731443192963428,0.802600709249243,0.19190586860203854,0.00043667573855694176,0.0022744649437266796,-0.005483469019881417,0.014652527749442989,-0.008345834515762372,-0.10583523433757533,0.03212782607168113,0.8702393318764143,0.013384511850898227,3.3231132293036585,0.06176741345666922
4906.344,0.33002676557368543,0.29791694114397554,0.8289879728122895,-0.002558231173161095,0.0017183218297513164,0.8022755181337581,0.18288302884570937,0.0016490310851059425,-0.0006436136697873902,0.004588325710588201,-0.011974586888384011,0.0033154749878710347,-0.10027193724650002,0.03314363799913367,0.8778825833609116,-0.03144266438580486,-3.022999468504556,-0.06980422744572735
4906.376,0.33567222001533853,0.2979154208174942,0.828982206253485,-0.002592612203533933,0.0016395205067480044,0.8024407583797226,0.17682833854064797,0.00026468029531146977,0.0014760173279970785,-0.003698228146133445,0.010288510276384135,0.015701954420385272,-0.09330814044934803,0.031748296717560444,0.8781972998122017,0.010917725737599625,-3.017906498499538,-0.06875220501365903
4906.407999999999,0.3410495440016615,0.297901404034344,0.8289591201113706,-0.0026331232765454183,0.001263406098688525,0.8027026855971577,0.17213609333761795,0.0008714902363607098,-0.0007516109972770779,0.0029273038974696537,-0.00802632140879883,-0.0022668315501681757,-0.08527061442533965,0.03210888404746823,0.86648217974564,0.022245442848259453,3.307774470039346,0.12393297502094879
4906.44,0.3464814054195939,0.29790018112312955,0.8289425128829221,-0.0025851954322813698,0.0014003397420994418,0.802304711030151,0.1696226279187875,0.0011868061380449486,0.0015538463685029643,-0.006336943641694127,0.017698970114882924,-0.0073019455049987735,-0.07975322740540759,0.033185084352987976,0.8777670291735333,-0.019181177687172285,-3.08540784582664,-0.09023827131427696
4906.472,0.3517770063180803,0.29792552840013314,0.82899865217696,-0.0025099070681855198,0.0015714008632136225,0.8022665655742826,0.15442168568650155,-0.0008352996406412932,-0.0022648030276515656,0.006474062870096355,-0.018267093699228736,0.009682027546023764,-0.07414913192930947,0.03319108922453939,0.8777131365831599,-0.019436737992767922,-3.0822691675600336,-0.09259364913151362
4906.504,0.3568256544718991,0.2979215343161745,0.8289938561896316,-0.002581178437503273,0.0017639461270398571,0.8026116165315921,0.15027362862536361,-0.00019146057343427496,0.000762976676294892,-0.003733883839185234,0.011060609620170973,0.008713871633447383,-0.0694992549557256,0.033171314139784164,0.8781153687314582,-0.033068194526750604,-3.000550165645375,-0.06978663883181234
4906.536,0.3615210909209126,0.2978870402587616,0.8290048698004432,-0.0025437591515482362,0.0017375889157606567,0.802573589832444,0.14029817686450524,-0.00034499368613535105,-0.0019037384321647938,0.00402322652700559,-0.01531285717859733,-0.006604899022008385,-0.06293952573405898,0.03320208498506172,0.8775506201609705,-0.019986470164661003,-3.075960701056227,-0.0975155915119548
4906.576,0.36707711682414385,0.29789712139645164,0.8289387417427933,-0.0025463591022371495,0.0014696427289750123,0.8022581729748045,0.13856563647931983,0.002002036882514036,0.0015914050271508269,-0.006548051834597339,0.018530975763962246,-0.002753105473341829,-0.05733412674438721,0.03320705346952277,0.8774410763794177,-0.02028192954743357,-3.072795192703924,-0.1000814532212057
4906.608,0.3714579425637468,0.2979787132724949,0.8289940481925122,-0.002488808635019825,0.0018973099132238251,0.8023756553291836,0.1274348258984729,-0.0015376298190639371,-0.0010808130493863025,0.003221871593401005,-0.00949952690405169,0.002268272290692696,-0.05269997837128336,0.03318235735386222,0.8780606007981488,-0.03396082343259846,-2.987974212610762,-0.06983151829204141
4906.639999999999,0.37550206073800313,0.29799104866730447,0.828964806960338,-0.0025392963907582443,0.0015666826580338084,0.802648272019737,0.12191030914946668,-0.00043085438011825246,-0.0004984104353622493,0.0005012988706148651,-0.00506218162521437,0.01684590884398697,-0.047566984704151064,0.0329539932918953,0.8942084496179669,-0.044949304446008205,-3.1271265400991908,-0.004191529386318384
4906.672,0.37939027059099245,0.29801403893864503,0.8290213529058567,-0.0025133534660673465,0.0018974243116613805,0.8029101943138236,0.11740567173184649,-7.284423324639076e-05,0.0009649673971154768,-0.0031648250111934333,0.007448197439990011,0.002044857356833135,-0.04331944679407297,0.03321782661196775,0.877081116629946,-0.021086019500148368,-3.064859972559971,-0.10679307337428541
4906.7119999999995,0.382990936389241,0.29800835526775876,0.8289632932580275,-0.0025754348502469823,0.0017636959239264243,0.8028236597233689,0.10828643237275881,-0.0007475424973330681,-0.0023621688984535186,0.0047368610566852825,-0.015098708501091143,-0.009181045210251978,-0.038692854244177864,0.033189358868127086,0.8779115345821699,-0.03470766311647442,-2.977376666551761,-0.06991394615508167
4906.744,0.3871702652419269,0.2979698306807991,0.8289851811237897,-0.0025803832899000977,0.001417019871850962,0.8024968059397395,0.10391804446773815,0.0004236987689321913,0.00033630459663475955,-0.001129849124891393,0.0032792375590031575,-0.00655310318845223,-0.03454670840093148,0.03289653590522702,0.8798584480758957,-0.017420098125639362,-2.9805031839565386,0.12625031485482086
4906.776,0.3905126693161933,0.2979722352943313,0.829026769050008,-0.002579542823966875,0.0018844797836027702,0.8022673324371038,0.09730340777181698,-0.001088552420192964,0.00028879648140927113,-0.0008702856911174889,0.002810584012111677,-0.0012079898347332142,-0.03077228565156411,0.032799510552120395,0.8784998543768987,-0.0265433302687564,-3.055975019110673,0.1552827585930411
4906.808,0.3934415096079313,0.2979431896586224,0.8290180776324284,-0.002617707266296282,0.001636353058014921,0.8023849647763618,0.09068772297873137,0.000204402687464926,-0.0002973404832980679,0.0031372822852503346,-0.00968735715265963,0.005043236966880572,-0.02650118813556334,0.0332273751926516,0.8764796602218212,-0.02218660471948347,-3.055304535418285,-0.11535747595361417
4906.84,0.39625193418045435,0.2979292839384717,0.8289767695522046,-0.0025863497818864197,0.0013569598190654546,0.8026218212505366,0.08566298357753228,0.000536740728164533,4.278052144337308e-05,0.00027502247638611294,-0.0008636409928572052,0.009265974254057025,-0.02330753258252344,0.03289049861652116,0.8795690975533135,-0.01685810422568801,-2.9715070423309045,0.12922167611868962
4906.871999999999,0.39898107957924017,0.29798154247221614,0.8290646940505184,-0.0025586599724301026,0.0018317776404918672,0.8029921132489432,0.07671403212205308,-0.000504534930218688,0.0021859778587431074,-0.0044850235225268945,0.014144702655092305,0.006732836958276034,-0.019071130193655368,0.03319577923797856,0.8775398629011332,-0.035758651748036926,-2.9624249832029537,-0.07011061443614261
4906.9039999999995,0.40135689934284113,0.2979418669030355,0.8291080920824296,-0.00246946612773435,0.0020406239442614365,0.8030256607548631,0.07116236982083304,0.0010613053493866791,5.231791191277827e-05,-0.00019875408241162807,0.0005647634569381078,0.0004999465350579396,-0.016266916325895987,0.03319637307288204,0.8774709890881732,-0.03590940662155397,-2.9602819037841672,-0.07014689227530166
4906.9439999999995,0.4039072534714215,0.2979386621049492,0.8290760133653381,-0.002581505713976304,0.0015759625324678391,0.8029517521824635,0.05931501213365027,-0.0007492337197655968,-0.0011332171662893826,0.005064134022847697,-0.016343920461937847,-0.0051467215018225244,-0.01391473373720987,0.032749793918865885,0.8777295882023137,-0.02535439825377955,-3.047366295545768,0.17561178138403158
4906.976,0.40575702164505884,0.2979707194412441,0.8290544338353578,-0.0026027290374247766,0.0011869187778389154,0.8027456243063833,0.055738781939556344,0.003908136241115702,0.0008421604678994378,-1.6818150695350218e-05,-9.621205110263104e-05,-0.006598274420585833,-0.011002807922523132,0.03178528684374289,0.8787517003972087,-0.03629103393240804,-3.07416200693289,0.35007742184746016
4907.008,0.4074518164617735,0.29812253544462386,0.8290532467303557,-0.0025569100111055318,0.0012348344214466243,0.8025884468034864,0.04744961856335477,0.007153920642068578,-0.0007634376653777061,-0.0016807415590543175,0.005246109208131295,-0.003255412817385367,-0.009685020452192925,0.03323281220615373,0.8756851202641259,-0.02345154031824436,-3.0456893911269542,-0.12436223998875805
4907.04,0.40880848344940074,0.29840944521657387,0.829072382978174,-0.0025826229147414073,0.0014379013416250725,0.8024792100375621,0.041980386426833306,0.010558305893685224,0.0013258488160690191,-0.0038470962179143753,0.012234711919501609,-0.0011232561277482592,-0.006445220893158465,0.032102094108414116,0.8720565674935702,-0.0055041039041663796,-2.9443153808695817,0.03511890940113943
4907.072,0.41005188100288104,0.29882110094137765,0.8291174557391721,-0.002510098885606448,0.0017657194122808755,0.8024656993852162,0.03815811744961685,0.01486132919391311,0.0008646499999453932,-0.0029287833638193374,0.009304014910177716,0.0012551886505039838,-0.0040082132133795025,0.03137461973425091,0.8782024550990986,0.026821482357397425,2.9451818678310175,-0.16776542718887594
4907.112,0.411313216999883,0.2994736204927912,0.8291288620149191,-0.002530710628253756,0.0017806036139736054,0.8024149147074785,0.02723815602197412,0.018528680702674768,-0.0006752344753953798,0.001794848732745893,-0.005992490348816212,-0.001156717033474414,-0.0028855661909553305,0.03167944612892308,0.8699283947503995,-0.0047164316321040905,-2.9622801284793625,-0.14879749484570778
4907.144,0.41206533007812385,0.3001258253933019,0.8290963497798874,-0.002567078468257704,0.0015242595538316021,0.8025799882643716,0.02440341282500087,0.02184465835105406,-9.863546063573251e-05,0.0014263976963012378,-0.0048019290790735905,0.002256870580052409,-0.0008657435641681019,0.03210289824930089,0.8719375656048969,-0.005490528965320161,-2.9404623098271414,0.03573670340002214
4907.1759999999995,0.4128172988438261,0.30090006820784937,0.8290569678069418,-0.002583891305291875,0.001339156426892116,0.8027454858403587,0.019810911499307443,0.025166265021552673,-0.0009076996587294026,0.0026380051270272786,-0.008672790268630007,0.002789922612154017,0.00022704109106632073,0.031752118600577195,0.8777735184362666,-0.034263209119812156,-3.061773058291971,0.35457574791641394
4907.208,0.4134027848644696,0.30176043479449366,0.8289984209742525,-0.0026194728886736254,0.0012159999062058887,0.8027788581293319,0.014215346899335566,0.028015533493466593,-0.000420068028480865,0.0006681019843295229,-0.0024267172672543173,0.0016181598865913454,0.0005641317890246498,0.03319823218157378,0.8769740205079246,-0.03681784282158093,-2.947404057079004,-0.07040712087572404
4907.24,0.4137653113457646,0.3026947863702796,0.8290055577951924,-0.002663980856545001,0.0011307810382948844,0.8028244206751576,0.014364503560337248,0.03009065702370519,0.0006255482962439613,-0.0017191278401521197,0.005109331624282593,-0.003938276282033293,0.0015228869794708423,0.033233930884515914,0.8750456092061849,-0.02439302744818143,-3.039214587818675,-0.13052371213927486
4907.272,0.4141454503213554,0.30379083373746446,0.8290817265875439,-0.0026088493097964145,0.001454736125713825,0.8027143510262515,0.012517209276882333,0.03613802673087351,0.001520282716107312,-0.0034289375956895757,0.010315468112672692,-0.01010933065480092,0.0019891338373827696,0.03287095725163808,0.8786693395409269,-0.015454692687387589,-2.951000925679298,0.13604156309394663
4907.304,0.4145536117343767,0.3050233853132429,0.8290740635887146,-0.0024910297259964696,0.001946202481535747,0.8023762891649936,0.007569975239347306,0.03942607388905881,0.00016204206604590672,-0.003939539083983254,0.011642836079328856,-0.00985079421412732,0.003032607690874492,0.031743719430475596,0.8775204645277642,-0.03374731147660141,-3.05866057012031,0.355666221577748
4907.335999999999,0.414615325174177,0.30629292836185623,0.8291147400935468,-0.002501279439163913,0.00213881027390172,0.8020371752925028,0.0017935384058944937,0.04186273317182676,6.942093072662731e-06,-0.0008904916683477212,0.0020378085343126036,-0.007289014596194246,0.002936104395964997,0.03269301417280947,0.8766921895544519,-0.023782206188659387,-3.0382881467666545,0.19550853829629064
4907.376,0.4146649252437671,0.3080978463735894,0.8291103534458316,-0.0025100288282157482,0.0022295045077598114,0.8020214568305748,-0.006020795318963265,0.04454832849185652,-0.00032206675922040034,0.0012319170296389193,-0.004462801497485259,0.010774390496357662,0.0038411575732711224,0.03400266455676944,0.8698084504435396,-0.0010469119464002758,-3.1130108061705797,-0.2858928609332142
4907.407999999999,0.414587782677769,0.3096306409166399,0.8290974504541078,-0.0025302880394997003,0.0020269506443544964,0.8023775308255,-0.0030765792136148167,0.051520883339770646,-0.0009627045637343485,0.001548123972674572,-0.005264553062949013,0.013499203292553183,0.004324347755235064,0.03323388023792423,0.8748719392053418,-0.02464108575625482,-3.0375839562881883,-0.13207505407828599
4907.44,0.41448109366651176,0.3113362046672803,0.8290554958516115,-0.0026082133230282173,0.0017055707884515042,0.8026728032217954,-0.007137457119903786,0.056360757295937626,-0.0019442185720559867,0.004774460045902251,-0.014846739853431615,0.003164154056936301,0.004324347755235064,0.03323388023792423,0.8748719392053418,-0.02464108575625482,-3.0375839562881883,-0.13207505407828599
4907.472,0.4142825756825438,0.3132509683955902,0.828995256696588,-0.002610286062548791,0.0012278662864361354,0.8025240412670744,-0.004260125696603709,0.06482951419131985,-0.0013768387430999063,0.003449581443606097,-0.010573954687643248,-0.009241262677532275,0.004324347755235064,0.03323388023792423,0.8748719392053418,-0.02464108575625482,-3.0375839562881883,-0.13207505407828599
4907.512,0.41420380251885996,0.31603986675809037,0.8289993285631998,-0.0026514678591547216,0.001192254179025482,0.8022777765775221,-0.00011714663255244123,0.07319419073217628,0.0005180649135546213,-0.0020421453856936654,0.005579781649075235,0.006263906650034516,0.0038411575732711224,0.03400266455676944,0.8698084504435396,-0.0010469119464002758,-3.1130108061705797,-0.2858928609332142
4907.536,0.4142324327643812,0.31791067120876215,0.8290079358871566,-0.00259530356668588,0.001501421270802779,0.8026451005200297,-0.0005873206577805742,0.0772383545124503,0.0007627635941988404,-0.0027414743162240437,0.007451943812159475,0.010983610176737317,0.0038411575732711224,0.03400266455676944,0.8698084504435396,-0.0010469119464002758,-3.1130108061705797,-0.2858928609332142
4907.576,0.4141695045405907,0.32120210934593363,0.8290509084543899,-0.0025882362662869754,0.001893663233881427,0.8028417311887239,0.0034817754077238697,0.08656778561556577,0.00163461576096757,-0.005896910784923519,0.015879002857836864,-0.009260364452768607,0.0038411575732711224,0.03400266455676944,0.8698084504435396,-0.0010469119464002758,-3.1130108061705797,-0.2858928609332142
4907.599999999999,0.41414786950444815,0.3232799692867967,0.8290568262350471,-0.002578604674902776,0.0019213550710770338,0.8025729472013154,-0.0010741173002947388,0.08934482929816431,-0.0008924513738696759,0.0010738218580181261,-0.0036809924887195493,-0.006638047153134574,0.0027690222372259844,0.03304749374618572,0.8678999324269291,-0.03532363475498337,-2.9898710794539234,0.198421545738466
4907.639999999999,0.41416454677714215,0.3270099639976821,0.8290192772879283,-0.0025852750358026522,0.001671867076112949,0.8028633869611839,0.0010778690432661784,0.09833443143967469,-0.0015709344693163505,0.0022964517750961875,-0.00674385323271549,0.009973324960320419,0.0019040345555825493,0.03366000547174257,0.8529606928719924,-0.036201765837685834,-2.9495064287025166,-0.06709251950276184
4907.672,0.4141815325931012,0.33025347425744633,0.8289736213272307,-0.0025983610491499233,0.0014738071133699915,0.8027592703534945,0.0006558439356065921,0.1049132136311488,-0.0006397275139013584,-0.0012517120744121432,0.0027956493321928044,-0.014621810125520187,0.0037827412909479763,0.034818757979808115,0.8675318849028459,-0.0010796546121737962,-3.1077492939794586,-0.013022214943670887
4907.704,0.4142902611066103,0.33380639945658713,0.8289888681732347,-0.0025838171223243455,0.0019888112152243132,0.8027265171569526,-0.0006377201066483516,0.11092066755500278,0.0006549279488630831,-0.006284825297878854,0.015708555696143926,0.009130790399948166,0.0037827412909479763,0.034818757979808115,0.8675318849028459,-0.0010796546121737962,-3.1077492939794586,-0.013022214943670887
4907.736,0.41426846269257633,0.3375045174884065,0.8289979184872572,-0.0025089749517216006,0.00228014958126002,0.8030047851845931,6.064416736235593e-05,0.11658976205167085,-0.0019543221954544964,0.0007066195327585669,-0.002794428288762554,-0.012136583124427202,0.002906583792174023,0.034641440271015324,0.8519417779787961,-0.013327296568760872,-3.0519301480258934,-0.2534254227576742
4907.776,0.41421646165018206,0.34231889919075476,0.8288885041482956,-0.002654549286189725,0.0017954570478640303,0.8025843451380689,0.0013422295466676759,0.12441953878188815,-0.002474865207508398,0.0023439737863216806,-0.006453372610168332,0.008393792956587872,0.003460713548357386,0.03432494854689595,0.8410825855373603,-0.02459849157419909,-3.0161722226535086,-0.3129022990733753
4907.808,0.4143498124294325,0.3464030705335856,0.8288447408296209,-0.0026461663297315616,0.0020135181813973027,0.802657330812852,-0.00019716688820081964,0.1313629097717903,0.00016538174143405728,-0.004746238853503287,0.010712254661285042,-0.010863076805311572,0.004278007415196943,0.03598302087642879,0.8513580512106639,-0.05562381762238602,-3.0514395876246643,-0.25149856520495295
4907.848,0.4143014630114528,0.35190991578995573,0.8288761047253924,-0.0026080424027326056,0.0023243006019027985,0.8027991224782844,-0.00028504491509699344,0.13929713028336807,0.00046766788934078586,0.000609907542357742,-0.0024306021515195834,0.008108626942800063,0.004046078750342965,0.033888805680200015,0.8427494872959553,0.027554515322834545,3.030387520793002,-0.30840158227404124
4907.88,0.414266813880213,0.3564691145401263,0.8288368315060741,-0.0026186428722377586,0.001998174213672289,0.8026185203471518,-0.001034777381867908,0.14437328147408315,-0.0005682531871453861,0.00230908931327117,-0.006284212149242483,-0.016538110078414114,0.0033012416336426066,0.03516298221189447,0.8345308014257788,-0.025299452966917428,-2.983064737043372,-0.18000509391727226
4907.911999999999,0.4143167861795205,0.36121262985830926,0.8288822179179831,-0.0026443688410384652,0.0022637549687345563,0.8025218573916962,0.0010753165227854564,0.15260124962759983,0.003477845309474485,-0.006555293621918664,0.013918562734658977,0.01238500096365956,0.0033012416336426066,0.03516298221189447,0.8345308014257788,-0.025299452966917428,-2.983064737043372,-0.18000509391727226
4907.9439999999995,0.41435547635408215,0.36612677312374753,0.8289180935176963,-0.002633088913276566,0.0022960257131724618,0.8023754304470827,-0.0037837130237200773,0.15697922594785063,0.00019537540212004372,0.005460711095911593,-0.013244251836656352,-0.008813423603240812,0.0033012416336426066,0.03516298221189447,0.8345308014257788,-0.025299452966917428,-2.983064737043372,-0.18000509391727226
4907.976,0.41418041408666495,0.3713463054999992,0.8289231068197941,-0.0026959201268919597,0.001905929748524536,0.8026248671452886,-0.0014399908004260218,0.1652740323284494,0.0023924924582580114,-0.002433754948512492,0.004435173674282684,0.000933209446859594,0.0028215844064656175,0.03637574285436296,0.829029031333673,0.0276356763859562,-3.051695977383909,-0.24541329205037224
4908.016,0.4140419783626611,0.3780560037911908,0.8289635138253338,-0.002669986145603499,0.001845226791063402,0.8024735758173214,0.0018718022257172026,0.17296037503824852,0.00020826945570144278,0.0007786651237627978,-0.0023221469873476864,0.012324066949295664,0.00336236815406496,0.036059706019923636,0.8190433181100718,0.015888810965426554,-3.0183285692991713,-0.302570930817421
4908.04,0.41404572955461205,0.3823146897216435,0.8289366141850536,-0.002672417807061677,0.0017457753280192855,0.8028568574258067,0.002436890743366406,0.17986990674399816,0.0004468120878220001,-0.00024301730111408497,-0.00022375781535801848,-0.009188153773472112,0.003594994647919427,0.035614140334251816,0.8217054726450923,-0.001182304167031491,-3.107002938823458,-0.009977808099545966
4908.072,0.4141751860986607,0.3881889514097266,0.8290161947519267,-0.0026998726068349238,0.002254548226704561,0.8027564418573383,-0.00046196908381859655,0.18424627647293818,0.000649865824342596,-0.003064751078541828,0.005172433616876892,0.009426596371018241,0.0027817131099335457,0.036236959182878566,0.8300910302284191,-0.0230844284524166,-3.039445400044249,0.19617164364109205
4908.103999999999,0.4140156002989214,0.3941959425802945,0.828981852252999,-0.002722354004368437,0.0018268020717157702,0.8027378971427097,-0.005458534513441057,0.18933817748532009,-0.0016041372532458005,0.00635874044062609,-0.013311441967491913,-0.0051784179961576506,0.0017918255661073129,0.03709484855909597,0.8086998286011248,-0.03536779513458334,-2.9556313205779277,-0.05774121539616586
4908.1359999999995,0.41406058495854076,0.40029747897395707,0.8289965207631218,-0.0027207615084570837,0.00197917365837727,0.8025997273635648,0.004330399795820674,0.19670599695795257,0.0019212401926009643,-0.007494565987233856,0.013492549317611777,-0.006419903410038002,0.002691735857311967,0.037122390105553904,0.8066284457890622,-0.023415228939243853,-3.0397127471420964,-0.1194985283376559
4908.1759999999995,0.4141083866136781,0.40795911418007785,0.8289836384289333,-0.002718331669597697,0.001919744760559083,0.8025639102006982,0.0009009836265646967,0.1872154681799526,0.000810074186176158,-0.0016293807141358836,0.0023343888392369713,0.015870433357644688,0.002691735857311967,0.037122390105553904,0.8066284457890622,-0.023415228939243853,-3.0397127471420964,-0.1194985283376559
4908.208,0.41400840054741206,0.4138049774374126,0.8290319596087653,-0.00279436096359703,0.002190748506306923,0.8024382164054492,-0.0023174098395854527,0.1767799132975175,-0.0011433573759340135,0.004839209206274657,-0.009693056388616703,-0.00625847454018483,0.002053615517725808,0.036117517889486674,0.8016761831268421,-0.012497130598316104,-3.038416397180967,0.26600769911565747
4908.24,0.4139192700306044,0.4192286652767144,0.8290296433862072,-0.00265376970028185,0.0015826259730513487,0.8024566869542085,-0.0033474068769794186,0.16844113493743013,-0.000327874390842233,0.005161429419372213,-0.009700652248017,-0.003130840432880438,0.0017715499026990183,0.0371179198167162,0.7901424207364913,-0.015301596794437548,-2.965663811948833,0.13198983836976144
4908.28,0.41412209510612114,0.4260344692318073,0.8290314614265836,-0.0027378628987353537,0.002101040005679346,0.8022801055645401,0.004600618096959541,0.1665542441356918,0.00047730079309382006,-0.0027283689993551057,0.004132445806331594,0.010129556144057151,0.0019593782799628492,0.03804005394700766,0.7783533947918445,-0.023269258949560757,-3.024207251117308,-0.2835133920718516
4908.295999999999,0.4141581938448106,0.42870100090145036,0.8290047226494137,-0.0027236878261508433,0.002145992068429565,0.802523172820648,-0.003011405204676514,0.15809067247443684,-0.0014813836763526696,0.010221479248562985,-0.018314839901501494,0.006845912959158254,0.0025720026922377097,0.03754462924043881,0.7799970083784408,0.024966370667455755,3.0325777535294134,-0.3004369818263625
4908.344,0.4139890695179253,0.43610338406925586,0.8290671892126028,-0.0027649443957157337,0.0020452594118113773,0.8022117983911189,-0.0034739189240190816,0.148527099316352,0.0009619215337119585,0.0013918564007195666,-0.002899322327585259,0.010131692041881791,0.0025720026922377097,0.03754462924043881,0.7799970083784408,0.024966370667455755,3.0325777535294134,-0.3004369818263625
4908.376,0.4139705532455248,0.44066352886191623,0.829042451530384,-0.002674780391020671,0.0016114661644380573,0.8023282229822468,-7.538478083394002e-05,0.14468929441541095,-0.0010570554857473316,0.005528185525599815,-0.00918221008275326,-0.003627048870231998,0.0018360015575532148,0.037516206036818385,0.7691797586790199,-0.007013311152241663,-3.1812260590808914,0.37325646715890143
4908.407999999999,0.4139744300269484,0.4451667218630931,0.8290469018270382,-0.002641923591011216,0.0016797581715293367,0.8021579897825589,0.002255408897653056,0.1408607924870929,0.0022971563374168213,-0.009381893954255907,0.015320786836030158,0.002694582526762951,0.0018360015575532148,0.037516206036818385,0.7691797586790199,-0.007013311152241663,-3.1812260590808914,0.37325646715890143
4908.447999999999,0.4140224399535623,0.45063272539719956,0.8290597349692436,-0.0026413997563755134,0.0018673715966887078,0.8025717274150348,-0.0008123845820396127,0.13086547110082083,-0.002077440772972038,0.008889522713188021,-0.009721855275904724,-0.0008894836109668097,0.0018360015575532148,0.037516206036818385,0.7691797586790199,-0.007013311152241663,-3.1812260590808914,0.37325646715890143
4908.472,0.4139677469169914,0.4536878419272804,0.8290374444558112,-0.002619127198166684,0.0016145897919130315,0.8022975741719123,0.001696611936150486,0.12562800847265362,-0.002091655116128813,0.0018499137186659333,-0.0015409336147834377,-0.016743787756229204,0.0005636494649257614,0.03904568494267404,0.754098949203837,-0.023736849986340024,-2.997597188342407,-0.15263098726710678
4908.512,0.4140231752772983,0.45853815401893083,0.8290480074855844,-0.0026934719889833273,0.002015679360846943,0.8023180687839297,0.0007384958374328825,0.11814013003486405,0.0004166843532336575,-0.0010040137991275367,0.0020452590225307344,0.014465873919580416,0.0013725587050420712,0.03894080571699601,0.7494136240457729,-0.012343288055154092,-3.0591879599942544,-0.21873656279240358
4908.536,0.4140536732629877,0.4612605268644524,0.82901299832236,-0.0026293460978149942,0.0019085384207383688,0.8024288439109586,-0.0008395530496340128,0.11297832171939558,-0.0013722945806149127,0.006591871817821619,-0.009943492706255505,0.002250030470113695,0.0015339737346796033,0.03879630388648868,0.7516788556769993,0.02083121470173627,2.9746875921070863,-0.17917860151406126
4908.576,0.41410458041712195,0.4655808262116555,0.8290033107719135,-0.0026104818330978095,0.0016902054355662512,0.8021023304984769,0.0010560199401299683,0.10801309254369859,0.0004553252145309947,-0.003805546074227959,0.005993020238900558,-0.004702052306232803,0.0006586414600029335,0.03902937599452114,0.7418663321951314,0.004703039830080044,-3.0320239213789697,-0.15875837324095823
4908.608,0.4142306731611867,0.46891860861247237,0.8290134519490406,-0.002740761511016203,0.0022355896242066083,0.802079752946101,0.0006148386346525423,0.10111053181168302,-0.0008374221270554315,-0.0045428261803080365,0.006942384362396859,0.013382979977483955,-0.0005221683296895796,0.040211714965023175,0.7416952948503658,-0.03151866497383741,-3.0329816615597136,-0.15882762836404066
4908.639999999999,0.4141428801313211,0.47200938401470616,0.828997264623963,-0.0026702249111246333,0.002092852178075097,0.80258505946671,-0.004247426802660399,0.09042098814327794,-0.000948239409463957,0.009094681571811517,-0.013585373641265872,0.008354591514077398,-0.000629039242330811,0.03931459066824467,0.7363994306029893,-0.02322980883425098,-3.0016380869467105,-0.1467328495058211
4908.672,0.4139846164008983,0.47480696686606033,0.8289751681499251,-0.0025754291481127514,0.0015671073920796553,0.8024552627984454,-0.004376453230940864,0.08301756811027733,-0.0005514607467862354,0.0077015256706625575,-0.011325622176720465,-0.008412268332183594,0.00027839995511322953,0.04003296084251708,0.7342918589993741,-0.02027181217073124,-3.0876768673270023,-0.26499061186301925
4908.7119999999995,0.4139723810129351,0.47806257008281583,0.8289778156542109,-0.0026632585513009835,0.0016681261141781069,0.8020962947728532,0.00355419883292187,0.07947872780217075,0.0011493922330355064,-0.010768404216989817,0.016087686632294124,0.0007117772010857258,-0.0007452088509682436,0.04065726201017802,0.7327226975967887,-0.03345281463693962,-2.9691063235958426,-0.042803598828712985
4908.744,0.41403469541857185,0.4804439808851483,0.8290034870968362,-0.00265526659712365,0.001991714697626029,0.802244024088337,0.005585137403816852,0.07434954914467498,0.00011012715567960263,-0.007307412698510839,0.010910815762970979,0.0075404915541974,-0.0007452088509682436,0.04065726201017802,0.7327226975967887,-0.03345281463693962,-2.9691063235958426,-0.042803598828712985
4908.784,0.4140432973534592,0.4831184072591437,0.8289746050038405,-0.002653280623799945,0.0017119962917982005,0.8025468011691268,-2.5985664928246123e-05,0.06352354300832475,-0.0014367845309937414,0.0053658069758003605,-0.007623631879528332,0.008183479156367529,-0.0003749998452274524,0.039140818363432854,0.7270448988999139,-0.004586594865529404,-3.243223566308307,0.2502739426152246
4908.808,0.4140589744364585,0.48455945216982105,0.8289556405091018,-0.0025826776075557265,0.0014226069050423643,0.8026135043273762,-0.0019698406995879063,0.057226925899484006,-0.0004909415308965081,0.007190896907893536,-0.010267900824886773,-0.004249792387361729,-0.00022567863591478154,0.04136688616495559,0.7284702026529353,-0.0006918915920515258,-3.1166786026418927,-0.21325174183794665
4908.84,0.41405656948018127,0.48634326619844426,0.828977590968802,-0.002566928814338391,0.0013971740855461975,0.8024277492443509,0.000690136196617753,0.052143743588536,0.00043108416314303894,-0.001986786606767591,0.0029858531292113917,-0.0077819403943188885,-0.00022567863591478154,0.04136688616495559,0.7284702026529353,-0.0006918915920515258,-3.1166786026418927,-0.21325174183794665
4908.88,0.4141043075288192,0.4883163546443398,0.8289780134328816,-0.00265659685029989,0.0017520223650571434,0.8021332305271927,-0.0014566101354641962,0.043697356629224526,0.0010404071235146479,-0.004163115969573354,0.006029390390215232,-0.004288188085184833,-0.0011805074603936597,0.04092834791815627,0.7250208075098046,-0.049284245756790135,-3.0105877169449946,-0.09298209856795127
4908.911999999999,0.4140439245579149,0.48966026594691875,0.8290365338693235,-0.0027143516557127487,0.0019508045787952387,0.802056847974913,-0.0016086716513777693,0.041122247074929445,0.003048362920578478,-0.00311397920894578,0.004487207965958898,0.0019026519275989677,-0.0011805074603936597,0.04092834791815627,0.7250208075098046,-0.049284245756790135,-3.0105877169449946,-0.09298209856795127
4908.9439999999995,0.41399490418847884,0.4909912715495576,0.8291714256351134,-0.00269868733106339,0.0021032977082511652,0.8024243865413535,0.00019830479599720845,0.0408640876302442,0.005218051050868034,-0.001385363434374067,0.002058074176740727,0.012036923860138176,-0.0018798915318234606,0.04087400639680328,0.7159291102448361,-0.03289953693395344,-2.9728110675560715,-0.03991802049734047
4908.976,0.41392305428983805,0.4921868838346388,0.829413852335422,-0.002729033360832154,0.0018814800179350192,0.8027200820536864,-0.000766737261307766,0.03592257393647325,0.008332291022308874,0.003981050578546846,-0.005573813201141243,0.00847694199843843,-0.0018798915318234606,0.04087400639680328,0.7159291102448361,-0.03289953693395344,-2.9728110675560715,-0.03991802049734047
4909.008,0.4139046514254086,0.49329237667497716,0.8297102038914709,-0.0026464343854672306,0.0016722161800523472,0.8029435760710674,-0.0002470454106075102,0.03248175933595861,0.010782089308670082,0.004506378671188087,-0.006284186727134794,0.004998152606383432,-0.0009709948961594871,0.0417546574828328,0.7150428132386499,-0.011823329703856628,-3.0632742869440865,-0.20289956468078904
4909.04,0.41393303830676115,0.494278393423317,0.8301287175374189,-0.0025667122455288664,0.001475250485253692,0.8030363333519058,0.0011319399237016824,0.028152820631421625,0.014496968549424229,0.003729309018812159,-0.00515842537047252,0.000261395071685769,-0.0009709948961594871,0.0417546574828328,0.7150428132386499,-0.011823329703856628,-3.0632742869440865,-0.20289956468078904
4909.072,0.41394868473621566,0.495099178374783,0.8306263296642384,-0.0025434796934986677,0.001252794237955932,0.8030450144581905,0.00014581586602831084,0.024399142625489416,0.017884865416801423,0.003461947581905174,-0.0047944085025088444,-0.0015140981619621917,-0.0018798915318234606,0.04087400639680328,0.7159291102448361,-0.03289953693395344,-2.9728110675560715,-0.03991802049734047
4909.103999999999,0.4139147604632175,0.4958576820255412,0.8313282707416949,-0.0025425501051934826,0.001189437396467065,0.8030067222053449,-0.0030639181379084127,0.019008490515142147,0.024313145150691034,0.0022875023720116436,-0.0031544016518978675,-0.006670693704239579,-0.001619022392359849,0.04032445475547984,0.7081209252824816,0.013600499787788396,-3.0358386537505164,-0.24909459234716463
4909.143999999999,0.41395660240082904,0.49663901216682543,0.832340583099174,-0.0025392067714052067,0.0013416154232915461,0.8027042416224393,0.0008404508367841374,0.017746134902576986,0.02899363639733631,-0.0023661058582135973,0.0033784500746871352,-0.0068689827846715535,-0.0016425222499886968,0.0395404786293629,0.7082775057954865,0.004428274265092879,-3.0360669704942316,-0.14544665863078762
4909.168,0.41402865065623085,0.4970332040610806,0.8331112075963079,-0.0025943525687440374,0.0015318047160416447,0.8024630625078746,0.003942366342969479,0.017720689935522005,0.0332210706783282,-0.007839994114038728,0.011042400648487233,-0.0051694366174110315,-0.0013541838848535287,0.03930604334004229,0.7120839951031811,-0.00045154043946236364,-3.1183585318939633,-0.2076881201969357
4909.208,0.4140583257977615,0.4975768161447101,0.834608520738211,-0.0026957968611943544,0.0018131497059321483,0.8023298175824576,-0.0013673638524821913,0.008844809278591187,0.04205050219888436,-0.0010171367585914116,0.0014900108151961228,-0.00437767921849954,-0.0013541838848535287,0.03930604334004229,0.7120839951031811,-0.00045154043946236364,-3.1183585318939633,-0.2076881201969357
4909.232,0.4139773968956437,0.497741693677754,0.8357344728037687,-0.002688348018548156,0.0017790504952444998,0.8023533856319852,-0.0005119611777962792,0.006260865663005891,0.047757104610467435,-0.0006277874130056247,0.0009368577626543697,-0.0021755934557421337,-0.0011640173827851582,0.037756960791739125,0.7088715546238311,-0.013537474965739926,-3.012810459220877,-0.09515331061565784
4909.28,0.41405360908164324,0.4979646115651149,0.8382100805869707,-0.002697875452044933,0.0018823132844280215,0.8023293919261419,0.0008355229730184359,0.001510826892020474,0.057464605950317375,-0.0001520620282065389,0.0003024162849092115,-0.000922937809394472,-0.0010591453860839461,0.036333958325567586,0.7140085372878987,-0.021081479356151043,-3.044912291077263,-0.10607704256551373
4909.312,0.4141315213044131,0.49799285883313615,0.8401874584215361,-0.0027117317027772494,0.0020595400959219352,0.8023537225952485,-0.0019562105025475716,-0.0009385285158157557,0.06506687609097918,-0.0002697204564165798,0.00046777540569261164,0.0007087162472946638,0.00014557395528577596,0.0341338092140489,0.7098713864661174,0.022983629766427417,3.0393476666468873,-0.26825139939375203
4909.344,0.41403119767565316,0.4978896163577903,0.8422658328590967,-0.002693056287078909,0.0018665312321844083,0.8023419368164157,-0.0005350565477828364,8.418176622233783e-05,0.06959435874320558,-0.0028086264275683443,0.004022362108279878,0.0019722177202113906,-0.00021209520456410985,0.033614675751763766,0.7120018565915502,-0.03626737026155136,-3.118284089825826,-0.2164430777273039
4909.376,0.41407490207108677,0.4979227901412114,0.844601063079989,-0.002724247681979656,0.002064817041966186,0.8023062765374677,0.00039169884590631743,0.0006178841180961325,0.07560034480417895,-0.0025679032489568845,0.0036876916836179083,0.000314683627401021,-0.0004848351793360497,0.032420531362544455,0.708380477218622,-0.020564955147991597,-3.0358226518102875,-0.2613300940197915
4909.416,0.4140905379179192,0.49797689481833973,0.8477916166294599,-0.002758180765263411,0.002164603310971199,0.8023547763940346,2.308367766271783e-05,0.0002854960645932188,0.08241828156536266,-0.0005472775232944532,0.0008758399087779394,0.0009791305790465116,0.0001356097769994876,0.02960938810995734,0.7099374531248124,0.023457649490583904,3.04139331366553,-0.25707513526851067
4909.44,0.41409327208858554,0.4979791313558906,0.8499112072611237,-0.002742609067645927,0.0022103033664279043,0.8023909753962929,0.001361395453617163,0.0012226901312791304,0.08904962509116193,-0.0017346176362923568,0.0025412040113548364,0.0009381565183364123,-0.0009777497256612576,0.028062175103991303,0.7155366651199898,-0.010649466527133743,-3.0661373326305985,-0.22395634978691176
4909.48,0.41406042879329963,0.49795430888097464,0.8536990729321883,-0.0027427560567421954,0.002104346789606906,0.8023670987192442,-0.0008308576567426625,-0.00036476825239668755,0.09597707855105712,0.0013287729958854273,-0.0017358839598339893,0.0005769386769069403,-0.0010719881254638193,0.024929187966920677,0.714303265971948,-0.019905374755030594,-3.0452458004968475,-0.12011324900681469
4909.504,0.4140433067185508,0.49798089637253024,0.856014034892689,-0.002717631961869476,0.002051724874366913,0.8024390540420644,0.0012876324587818599,0.001147305473231276,0.10033622140392799,0.0007718525893552375,-0.0009479193007872962,0.0004436758905854078,-0.00021401743150842897,0.022248477762845168,0.712292937934043,-0.0360288283669316,-3.1204574780595915,-0.23438619837537897
4909.536,0.41397292823467446,0.4979064533132436,0.85939752319192,-0.0026413492154519413,0.001772748383022611,0.8024752798403918,-0.0004501401246825138,-9.30219684009608e-05,0.10735702644840299,0.004130022473796055,-0.00566571534519216,0.00037500078024459404,-0.001175506567588569,0.019643821374375658,0.7093450601148243,-0.011007858194752073,-3.015467694803203,-0.11997903541303051
4909.576,0.4139401709664243,0.4978643376857744,0.8638609536570041,-0.0025902212289869546,0.001439799921803719,0.8023913400231149,0.0016721550812003854,0.0013115271768768268,0.11763729726207933,-0.00042838716276101085,0.0007100644636045132,0.0009528517859591808,0.00011110561066036607,0.016031851984122377,0.7100599162418015,0.024821566554613875,3.0473134303035514,-0.22391713178509007
4909.608,0.4140167984651376,0.4979429373299587,0.8676790030286856,-0.0025903983216969753,0.0014477996705517646,0.8024390472617724,-0.0004389725006312604,-0.00019003353684992597,0.12316817952830136,0.0027919406702448025,-0.003784634746383936,0.0007054654531874001,-0.0011757135855135833,0.012845888130129917,0.7094740423492871,-0.01009308290098277,-3.016468540164036,-0.12928285660635336
4909.639999999999,0.41396075575291813,0.49789030179517,0.8717556229715694,-0.002534200507793184,0.0012039283870832404,0.8024511576079743,-0.0008983982198876751,-0.0005095552387344233,0.12926786134596932,0.002946458591378643,-0.003997139092827526,0.0003787766918249869,-0.0010812545683290728,0.008947769797470917,0.7145812546173834,-0.018294962297118873,-3.0452601329475217,-0.13911882009278462
4909.672,0.4138542799701106,0.4978041179169407,0.876006330946226,-0.0023943608261561664,0.0008667126140457392,0.8023909069265472,-0.0009179090157473105,-0.0005135781017699591,0.13587354731062148,0.0030501325584366876,-0.004135357032113496,0.00031916494347005136,-0.0005256035366671827,0.005532191559239769,0.7152684666510154,0.01715092706830646,3.0695365912247374,0.14983054360625336
4909.704,0.41379104276433326,0.49779571681484824,0.8804941244288915,-0.0023997821030078653,0.0007867385645513413,0.8024987578683792,0.003080062658498763,0.002356023148336709,0.14295531471978018,-0.005251859999992581,0.007466220827752279,0.00031164498934682335,-0.0011711306694505573,0.0015092208507283729,0.7096280287649006,-0.008612038583137166,-3.0181299459161393,-0.14475340986194496
4909.736,0.4139640277837771,0.4978998168410263,0.885208743903726,-0.002508829520827986,0.0012272041681372814,0.8024508319176655,-0.002313017088123243,-0.001490820159991236,0.14999103273382194,-0.0006208175514883037,0.0009951263914565705,0.00031964102929254887,-0.0011675784814582533,-0.0030278217603294444,0.70966799549812,-0.008035320225886334,-3.0187903861559735,-0.15092386824732557
4909.776,0.4138862423692418,0.49785036729350635,0.8913992195800471,-0.002512465366549424,0.0013664604388050328,0.8024627599753221,-0.0016940068752687868,-0.0010365430746687553,0.15764558839870144,-0.00329269425880977,0.004733847743681068,0.0002198298490184357,-0.0011630456253690575,-0.007566219489861291,0.7096955216118861,-0.007467774351684749,-3.019447848293639,-0.15708177973982165
4909.808,0.4138521086991506,0.497874570927081,0.8966036528529395,-0.0026025607823755063,0.0016103343782988653,0.8025351925065076,-0.002772687070171116,-0.0017957355021677793,0.16590221473807218,-0.003453558930670501,0.004966608524326507,0.0010049712771392045,-0.0011575322688227871,-0.012105969350986378,0.709710592821702,-0.00690952424587073,-3.020102124896196,-0.1632257504634315
4909.84,0.41398392389910676,0.4980014214301651,0.9019464317521669,-0.0027025474171055632,0.0021803414726951935,0.8026185763978854,0.002320457365921556,0.00185361431615532,0.16918539835772867,-0.00604429180683403,0.008606051854125926,0.000817024431146664,-0.0011510378728075816,-0.01664706822864129,0.7097132251838024,-0.0063606898523041735,-3.0207531696629384,-0.16935452284040511
4909.871999999999,0.4140075481703406,0.4980000896667131,0.9074185031206708,-0.0027042665537695696,0.0021443815975297383,0.8026060876185214,0.0029897702201674,0.0023439755123845865,0.17576864232637274,8.8661220916158e-05,6.480217176727436e-05,0.00040387326347526945,-0.0010724142753143566,-0.02306779516318625,0.7146365392074979,-0.015091271391895708,-3.0429551570628197,-0.1728692070775367
4909.9039999999995,0.41387958063644925,0.4979103899895387,0.9132195491215329,-0.002609902078126042,0.0016238909022236237,0.802616975226948,-0.004366006893181433,-0.002903992181520473,0.18425335595549727,0.008066018946579543,-0.011077744125213312,0.00027781479954173336,-0.0011304995894216336,-0.028005703633118238,0.709665770546129,-0.00503060108126255,-3.022367869669246,-0.18460298003127149
4909.936,0.4137847886061993,0.4978275617598824,0.9191419825964695,-0.002441161098348601,0.0011084707892551001,0.8025917517728239,-0.0017033160998520692,-0.0009838768388115314,0.18707242232201732,0.0064022654760057755,-0.008735740730578045,0.001717491322002588,-0.0011205561980705075,-0.032551514278214656,0.7096254484001323,-0.004515715141332183,-3.023009806843493,-0.19067050799832236
4909.976,0.413838607994809,0.49789072762976966,0.9268994167700985,-0.0024989409125864615,0.001217491587851827,0.802578059453901,0.001979507403480033,0.0016667291235381387,0.1981584642877444,-0.007515919341852348,0.010703828050381062,0.0005003947988347176,-0.0011037770714101933,-0.03937276955713969,0.7095425796032558,-0.0037622475579328907,-3.023970878726233,-0.1997353302965689
4910.008,0.41383701425963143,0.4979437778370394,0.9333021931529708,-0.0025920012630043527,0.0017041127046751264,0.8026249958784698,-0.0005903432216378185,-0.00017149716785861186,0.19721587495379334,-0.00573800346071651,0.008218695885066471,0.00028944848878367086,-0.0014123213270003643,-0.04648976103727627,0.7078728214856893,0.0020688064361936605,-3.1013706450523237,-0.038655045646229694
4910.04,0.4137879906013749,0.4979037282358832,0.9395288468603661,-0.002631256682199298,0.0017250354491144518,0.8026476805476722,-0.0001666857575664119,0.00013411305112304752,0.19019267067877887,0.002304554322629206,-0.002995025560428276,0.00017624088088124567,-0.001037534445074562,-0.05285857850228502,0.7140285710499327,-0.011809377487705473,-3.036664370697288,-0.1942570568935715
4910.08,0.4139163892037518,0.49795749872399375,0.9467815073108302,-0.0025449299754736815,0.0014759477531947705,0.8026687877936938,0.0005479902259781386,0.0006309174420012787,0.17863785689792033,0.00683269004099122,-0.009311947678151857,0.00016739093398101585,-0.001026441454682267,-0.05974056924839793,0.7137837731357635,-0.010953253447013544,-3.034527880468414,-0.19706410360903892
4910.103999999999,0.4138796668409583,0.49796037550912436,0.951075900651096,-0.0025410380075556963,0.0013000099042305869,0.8026194755000182,-0.004703968730498203,-0.003126813620293539,0.17801546562140785,0.006161781860516152,-0.008393025832775906,0.00017837899284932294,-0.0018235684059207684,-0.06596759711187014,0.7101173807955404,-0.0221453272292015,-2.967623323348577,-0.09133582793177222
4910.143999999999,0.41390172703578826,0.4979811815292705,0.9579920290900797,-0.0025574871055449766,0.0016196553838023822,0.8026531834819345,-0.00043316203458400646,-8.374041642143803e-05,0.1703066047664074,-0.008341556847876904,0.011849482834787392,0.0003274730304350683,-0.0014152221784806867,-0.0723667726554023,0.709703275651898,0.013518508270410942,-3.082127524706012,-0.04458929140537587
4910.1759999999995,0.41375975948381344,0.49791048413060696,0.963388159967022,-0.0026021577528624845,0.0016633729287733766,0.80268766191434,-0.0007832187871411974,-0.0003150899649617578,0.161328667958232,0.0011349901133234747,-0.0013700853056906595,0.0009331170674920602,-0.001382302602660305,-0.07919661972363806,0.7090419021242992,0.013767662663589487,-3.0844994506709638,-0.040331856052011776
4910.208,0.4137760425277066,0.49793263953839106,0.9684159904821164,-0.0025808162078402043,0.0014698653688532623,0.802685296486833,-0.003078567037457493,-0.0019644495324741772,0.154947341837032,0.008641966004526444,-0.01185143129836247,0.000663027733839308,-0.0015667250414784192,-0.08451797884684907,0.7035886877091909,0.0021251348371144076,-3.0220058149553632,0.0606794398306749
4910.24,0.41372286470303254,0.49785952275607503,0.9732435972354466,-0.0024242285186236345,0.0010150555585204072,0.8026824737828273,0.0029294530770379917,0.0023237763266278485,0.14829464238294546,-0.00023554486677080717,0.0005478460516016286,0.00036412622522500075,-0.00135308709844291,-0.08947042996151647,0.704479276631253,0.006182178863122079,-3.0779915822034596,-0.07280922112716025
4910.272,0.4138106413414737,0.4979190899622405,0.9779541703930621,-0.002471436408663179,0.0012976990868251107,0.8026923826973932,0.0029372968897143645,0.0023223773319310955,0.1441247313553475,-0.008466624660166086,0.01202700687608732,0.0002918457771591896,-0.0015280827833629468,-0.09576208309002378,0.7024910616688779,0.0038692076051737388,-3.019446555648022,0.04489858948959885
4910.304,0.41377112978903424,0.4979190682111927,0.9824606571382928,-0.002557330232827793,0.001583160848905574,0.802702601206075,0.005358471749162362,0.0038961299675436926,0.13663198433375595,-0.011548757386474356,0.016329152270912427,9.578875170130474e-05,-0.0013211078805403492,-0.10075261173414014,0.7034126527406035,0.0075602290315164924,-3.0722309373356804,-0.08314022851935102
4910.335999999999,0.4137510026407596,0.497904798043913,0.9867497522951743,-0.002578936110887318,0.0015799119015423792,0.8027366378079128,0.0025438554188108903,0.0018758405082668704,0.13034986093778786,-0.0004942492515646924,0.0008969942290390314,9.395594030573939e-05,-0.0012609733040597172,-0.10643253465070639,0.7064493203053377,0.015443246938120185,-3.084546337357846,-0.05541019602689697
4910.376,0.41374582227107265,0.4978602307335671,0.9917431533668634,-0.0024361504863969915,0.0010747354952916203,0.8026370095319576,0.005778014350045701,0.004172472607972481,0.1186862568132443,-0.0006534015408049323,0.0011209279984652288,4.840192239385279e-05,-0.0020411461153618284,-0.11132394763445898,0.710300893910001,0.03191497968108092,-3.0152268618445235,-0.19143964388691004
4910.407999999999,0.4137532881870284,0.49789657794717695,0.9954988487243366,-0.0024040757033361756,0.0010573620206106313,0.802742874505666,0.005459443270525591,0.0038597568566481107,0.11523946935713086,-0.008636050910348064,0.012251495725991837,-4.6919824020958214e-05,-0.0012158172463337634,-0.11549765058471187,0.7055482312357917,0.01610823650252799,-3.0836005259021886,-0.06319693237566777
4910.44,0.41377101066053323,0.49793620776917547,0.9992174712883914,-0.0025220758879534485,0.00148526748295455,0.8027769188989893,-0.0004951076749491822,-0.0004038495640745386,0.1127393056566631,-0.007806020080215799,0.011069220234330705,-3.153968857795576e-05,-0.0011919558840939037,-0.12002855939101138,0.7050889936688024,0.0164544523856577,-3.0830566641549026,-0.0672120540421674
4910.472,0.41397858111982716,0.4980425854779124,1.0025533677825047,-0.002625615162333311,0.0020173346094956176,0.8026910530352634,0.002415610282351275,0.00169424753449625,0.10145128277131273,-0.003274131838479805,0.004715737638681974,-1.4660435471123199e-06,-0.0012337803120693212,-0.12329343477529214,0.7011458228292562,0.010533493577567133,-3.061958477397307,-0.10417463747514434
4910.512,0.4139142873908184,0.4980094726629551,1.0064791678636513,-0.0025154680373661196,0.0016524744573389704,0.8027478962570826,-0.0001768214463706096,-0.00014946045271250913,0.09429362880954156,0.005100576128471734,-0.0069831159077523635,2.582988328473353e-05,-0.0013830567444663533,-0.1272056807295542,0.6992103788320576,0.008945500415365274,-3.013039859068049,0.002606510046411954
4910.544,0.4139512709850661,0.4980250054137318,1.0093697333979972,-0.002482684525109858,0.00140580091434207,0.8026976602925806,-0.0052467929912766425,-0.004196052349461307,0.09003379815582987,0.00803771726790072,-0.011106049016610602,-0.0004968650179216303,2.9668588165392463e-05,-0.13124989111257884,0.7077876914859376,0.03285850863588127,2.9978561813560587,0.43261323702032856
4910.576,0.4139423542617119,0.4979794225760958,1.0121215336955278,-0.002490765764108067,0.0013383127974562086,0.802647284793116,0.0002758373679370831,2.8060267868792288e-05,0.08330795247941553,-0.0020285085611428176,0.0029505431331436544,-0.0001502586265559463,-0.0007635458632496818,-0.13535943458333236,0.7082784983462227,0.0006131505126613205,-3.0105348760232657,-0.20108257381713357
4910.608,0.41390957190622324,0.497969687282483,1.0146799080560382,-0.002533947044777673,0.001540422967254338,0.8026101663135646,0.002011286144181899,0.001296622254425466,0.07620018424550427,-0.007179296734692802,0.010134263803523832,-0.00013426396765802546,7.540343460936214e-05,-0.13809282139076412,0.7072687349998453,0.03376133436537952,2.9946627535045627,0.44947485198773945
4910.639999999999,0.4139707750337844,0.4980436112023346,1.0170332386565528,-0.0026263579117345266,0.0020207002353376975,0.8026446869516434,-0.002120165174233012,-0.0016645257190865909,0.07186876069507507,-0.0013617902967555469,0.001997105717404175,-0.00012527077309369434,-0.001303614236522477,-0.14067148218009393,0.6977402718257582,0.01115789578668733,-3.0107877810737795,-0.014294303695649192
4910.672,0.41411050966643176,0.49812574264765513,1.0191204350489946,-0.002677644482439516,0.002371787484999783,0.8027028546290134,-0.0009927248045500873,-0.0008509570954444411,0.06335537994046846,0.0019492966244423387,-0.00262846278501207,-0.00010100554027167675,-0.0005413462013823853,-0.1444830030310938,0.7058236072577051,0.0038150556649066978,-3.044083864175978,-0.3312167756408257
4910.7119999999995,0.4141231538739509,0.49815472482204337,1.0214485862853995,-0.0026923847395413122,0.002162619785918672,0.8026647055721648,-0.0032166573149307485,-0.0024570002331642886,0.05301816415436164,0.009289215488958611,-0.012890724084171322,-9.415487347233742e-05,-0.001028482761904268,-0.14719785386626685,0.7022202282807195,0.018670429510253377,-3.079415923940461,-0.09109634759084909
4910.744,0.41397332569940515,0.4980183101766373,1.0231024427036695,-0.0025128225474837203,0.0015397584988474777,0.8026865828715739,-0.003375340005107006,-0.002557864680954017,0.048619904924528314,0.008484892639044284,-0.011776614479951411,-0.00010277927817693608,-0.0010131810949448353,-0.14946111248446833,0.701973385402665,0.018862597216425147,-3.079111116029042,-0.09299050994471743
4910.776,0.41388733320336185,0.49796746598189257,1.0245480859764944,-0.002412349524319185,0.0011525097278002865,0.8026255668003538,-0.00011912707468845322,-0.00018176058380566177,0.04195501632899337,0.0020780819811353347,-0.002835182158567812,-6.331957443108417e-05,-0.0010861694256066815,-0.15032476823175936,0.6982852793332813,0.014274103933206845,-3.0522241011906273,-0.12834775597951092
4910.808,0.4139037638846992,0.4979703712175298,1.0257733852579585,-0.002411036769258714,0.0012080886047601993,0.8026600543429444,0.002053726355106551,0.0013988208985180838,0.03459986141112066,-0.002346680919646308,0.003335477219937088,-4.708554072708024e-05,-0.0012291819711104845,-0.15189266330250056,0.6964998344369018,0.01299226407051596,-3.009206037354184,-0.027649640924051085
4910.84,0.4140026142928693,0.498022869810901,1.026789412219759,-0.0024472422109551887,0.0014309386981512097,0.8026471301315468,0.0011513954059713444,0.0007546231206593422,0.029839507552148387,-0.00417993107516631,0.005882630413373591,-2.5705425324259846e-05,-0.0012133826536266524,-0.15413710759096597,0.6962507924622129,0.013356662521609665,-3.0089251730228637,-0.030232600256133363
4910.871999999999,0.4140346224617527,0.4980116521976362,1.0276691571716914,-0.002502410753550773,0.001624905195226241,0.8025507458622625,0.0017178705812669064,0.0008937536514997183,0.023972621645359692,-0.004897957700941747,0.006877838305621302,-0.0003535937113551402,-0.0013447059474644683,-0.15710325030839975,0.703724195252352,-0.005445957761877291,-2.960697863141674,-0.20732133693672294
4910.9039999999995,0.4140573730802808,0.49805945044629696,1.028343797556618,-0.0025879928750063494,0.001897936155503336,0.8026222785958892,-0.0010603956621611649,-0.0011022937407737605,0.01844057686197987,-0.0020106352513357064,0.0028293051923830035,-0.0003428127142564506,-0.0010418003284456217,-0.1570836110088263,0.6975591192246015,0.015207613476438406,-3.050266648640195,-0.13396098820123842
4910.9439999999995,0.41406106158206235,0.4980405341756788,1.0288599463615196,-0.0025709031753128717,0.001992201338344706,0.8026580309721153,-0.002592807463037365,-0.0020845150538881937,0.009568240120602431,0.0013162900119552759,-0.0018320929259339743,-0.00016742200505328507,-0.0013261131583859921,-0.1593950940824491,0.7035726228845793,-0.005096340834220477,-2.960901476823444,-0.20990302947914002
4910.976,0.41393072566394584,0.49799135995436744,1.0290629801889892,-0.0026070655121211523,0.0018705939936464278,0.8026700296795979,0.00048506959829000464,0.00017332195271307793,0.0022184402031801115,-0.000880042525651434,0.0012333417587530708,-7.900278006333092e-05,-0.001180861511132427,-0.15862636950907508,0.6957522184043966,0.014081987901209993,-3.0084010172180102,-0.03530476519584286
4911.008,0.413911028330375,0.49797315203393194,1.0290491034843812,-0.0025601920018814527,0.0018313563478390923,0.8026580870752629,-0.0012170532387567746,-0.001008213651454366,-2.778512644972443e-05,0.001498203723354873,-0.0020948887728831933,-2.2896852019434327e-05,-0.001180861511132427,-0.15862636950907508,0.6957522184043966,0.014081987901209993,-3.0084010172180102,-0.03530476519584286
4911.04,0.4139739106971438,0.4979759235827815,1.0290299749768805,-0.00260698832951987,0.0018706822063525813,0.8026219758711165,-0.00030460965082557384,-0.00029684386475232257,-0.0001705895195007144,0.0004200326956295357,-0.0005871586903651024,5.1994852449623724e-05,-0.0010263410266958487,-0.15933687476894973,0.6973167064888286,0.01551701533220497,-3.0496573894763492,-0.1357809336098231
