5174.04,0.216382382151566,0.298057783106946,0.8290310505782305,-0.002582601433494273,0.0022078265732766787,0.8025819327874805,0.03190424275001101,0.001706316717853397,-0.0005833124411512979,-0.002961090478536658,0.005986725257473609,0.002826008055575162,-0.21146963306708733,0.052162847986665734,0.6494773458713409,-2.1070583567589227,2.081111623578286,0.1010947726907449
5174.063999999999,0.21717710576681012,0.2980817068477238,0.8290196285122658,-0.0025672618016129786,0.0023724080142727864,0.8026909995057028,0.033921066680314194,5.05578493213443e-05,-0.0004518034898383224,-0.0004281518558480799,0.0012140627559642492,0.003640168474539113,-0.2030984846258279,0.050256298622856216,0.6253332742269135,-2.0523817080385927,2.0274230685574604,0.2292321770713773
5174.088,0.2180032331953283,0.29807480805990133,0.8290043417768924,-0.0025655424007023668,0.0022531444610638753,0.8028114511149288,0.03856377631727746,0.00011381214632481636,-0.0007503773309124088,0.0008517951141513319,-0.0011865594764809582,0.0067125391608626956,-0.21042695801213704,0.05206092530254763,0.6499256448261397,2.163125770347861,-2.2740117828108226,0.995986102484159
5174.12,0.2193377308682784,0.29805290802105605,0.8289293750654126,-0.002563366462833544,0.0019992458871200235,0.8030162886603042,0.04441808621963062,-0.0007681643951154115,-0.0012831777273210627,0.0033018783049918814,-0.0058726332306646215,0.00899335275980763,-0.20932964457770253,0.05215297431258481,0.6494046967209549,-2.1066759854698276,2.0809675949229414,0.10314306598726039
5174.152,0.22081202593197888,0.298059850023025,0.8289181833837784,-0.0025729927269366637,0.0017331086683495857,0.803293729534882,0.05138066651557343,-0.00010131949419984332,-0.00041835970735597277,0.0036607822728910973,-0.006619885991625667,-0.0009246476714750483,-0.20368315613621932,0.05157828416285053,0.6372305142608,-1.8031344673929546,1.9217920232730856,-0.9012328988292345
5174.192,0.22300693389138582,0.29802978798846586,0.8288727086491806,-0.002489668681967933,0.0013897664367887098,0.8031270164929017,0.06012728013736301,-0.00016120987760037347,0.0008458426454956533,0.0007772264575372683,-0.001064435043546684,-0.012405867935491024,-0.20291960432322032,0.050536952091467996,0.6379040855124738,-1.9922138702801757,2.23947903577638,-1.0073879851518013
5174.224,0.225011397764775,0.29801888120878917,0.8289131697318924,-0.0025316084576241234,0.001394435499191704,0.8027327422224477,0.06553023783870113,-0.00023404588270228407,0.001076659871130023,-0.0021076011216741236,0.004637039969404171,-0.012853408099735017,-0.2061436659963593,0.052038283864663575,0.6497650530373984,2.1594530722322407,-2.269629313001223,0.9847694771462544
5174.255999999999,0.22719843089132402,0.29799022577148404,0.8289274136787649,-0.0024891107335666537,0.001615629735619993,0.8023513703995622,0.07181014060102515,-8.606997393767982e-05,0.00027661464351836447,-0.005303251190464736,0.011111991965229655,-0.005102007213244939,-0.20400389419316417,0.05202692213156315,0.6496848202262806,2.15763569988285,-2.267435282865993,0.979232530758268
5174.295999999999,0.23027784906363688,0.297980325733443,0.8289368677570124,-0.002477362960135773,0.0020223470304840427,0.802450112639297,0.08325935902951928,0.0009506813308661423,0.0016557789543994216,-0.004231468743929358,0.009326857620250673,0.008497501014023742,-0.20186540909754655,0.05201554436563352,0.6496047142037155,2.155831639664642,-2.265240060471314,0.9737421074076597
5174.3279999999995,0.23302694866825513,0.2979998472263183,0.8289978690894302,-0.00249685501759216,0.0021551525811349835,0.8027880900835113,0.08656378181971118,0.00017510364249877786,-0.0003951214504162888,0.002814306259887851,-0.004748527709267095,0.006909609479368425,-0.19864771544304213,0.05210305247772203,0.6490412991900267,-2.1049956943399253,2.08068056928977,0.11387846108531442
5174.36,0.2359052256575259,0.2979610300367746,0.828954011020148,-0.0024452711962276823,0.0016875126534865055,0.802657892638399,0.09257766698322242,0.00023918750063641833,-0.0011414743171899936,0.005206176613485425,-0.009818195568390952,-0.011302834352259195,-0.1954579163028552,0.051981395839062756,0.6493657439970258,2.1505036248281697,-2.258651883328597,0.9575416976473383
5174.4,0.23981491091515839,0.29802753831700013,0.829003382838722,-0.0024483496780554584,0.001811985770813221,0.8023005597512218,0.09887426419396532,-0.00023116778612606353,-0.00035927467293289997,-0.002170989012667305,0.005404220727517511,0.00051614613886509,-0.19332480952690687,0.05197003366634433,0.649286716866293,2.148756918485861,-2.256456422043238,0.9522290074867508
5174.432,0.24312836769116025,0.2980263171591923,0.8289769016235548,-0.002425918600623665,0.002157324715789801,0.8023863274546309,0.10712116632859572,-0.0006155136018046028,0.0005770637305258749,-0.002285934846235623,0.005948660017673722,0.014954434342312061,-0.19012523921058172,0.05206290499928235,0.6487537050708801,-2.1039323808745722,2.0809763299313406,0.12302451058843947
5174.464,0.2465486549374421,0.2979868243958205,0.8290093554290211,-0.002474094059811648,0.0019349114024864067,0.8026884735913502,0.11134823622735021,-0.0016428287686730293,-0.0008013609437196086,0.0070038219191757125,-0.013670574294748458,-0.00021450001309291714,-0.1869338951880279,0.051936109577609274,0.6490521872504555,2.143608891571866,-2.249877217503751,0.9365410379203409
5174.496,0.2502710081809469,0.29798641065475756,0.8289459656887085,-0.002457912213101202,0.0015783906011222497,0.8024858970629081,0.12447718394955312,0.0007488128394824943,0.0007190486412281172,-0.0007836634427572247,0.0026921208298599695,-0.014730126224849656,-0.18268040942139213,0.05191369387655996,0.6488983526427854,2.1402558218037835,-2.2455004019131732,0.9262819382469025
5174.527999999999,0.25431280889442154,0.29795450241926197,0.8289710061379632,-0.0024254913517944817,0.0018153093862360444,0.8022482007092353,0.12760371512199836,0.00016659570949533275,0.000915168401036305,-0.005208959466091283,0.01206133677513835,0.007940291057752244,-0.1795027174272838,0.05201316371404225,0.6484027408033279,-2.1029523928352254,2.0819999799934097,0.13509158501721144
5174.5599999999995,0.2584843070163321,0.297948088435381,0.828958572657531,-0.0024487707502592122,0.0019282999499060371,0.8026818156105175,0.13242746057552693,0.0001447241954368484,-0.0006707479291438809,0.0048651705195778645,-0.009733223475492435,0.010697926153114486,-0.17631101133162908,0.051880486499710464,0.6486719900015449,2.1353475601888356,-2.2389548434022335,0.911174863726486
5174.592,0.26276080832130033,0.2979035861746751,0.8289357074327666,-0.0025426775519393615,0.0014363578688592635,0.8025031376188941,0.14209434251174752,0.0016218841349366197,0.0008214712118177384,-0.004740449507090621,0.0008735393473737152,-0.011315838490695118,-0.1710297516753604,0.05197415439683223,0.648131026211367,-2.1024404535239496,2.083330068941088,0.14520711960092805
5174.632,0.2686586326063932,0.29800793065499176,0.8289869030541966,-0.0025697754628617436,0.0020601415207526057,0.8023254047376741,0.14471662737085014,-0.0004955536342475325,-0.0005150409091145714,0.003188486436175764,-0.006213577243293104,0.010158697389595336,-0.16680163391550246,0.05195500755424207,0.6479985147755626,-2.102271963560517,2.0841601709803346,0.15040653982918817
5174.656,0.27220809800040424,0.29803253542019637,0.8289938032948996,-0.002601111624804405,0.0018368589689698915,0.8026977201994364,0.14940715546583308,-0.0016513333292942117,-0.002214690276179799,0.007646235210306702,-0.02031169826407375,0.009196771578399642,-0.1625790424280848,0.05193613556387585,0.6478682642798459,-2.1021598334869616,2.08509705104593,0.15569478066015208
5174.688,0.277186555335607,0.29801805390416997,0.8289617393274133,-0.002630831424893349,0.0017432518642436106,0.8026390515872189,0.15888101090719065,-4.83569511257234e-05,0.002300505705742601,-0.0072906041586195125,0.01619246008027787,-0.008654723126160944,-0.15728061756311473,0.05178496340198147,0.6480280088331927,2.121502036247242,-2.2195093952762104,0.8676644546238084
5174.728,0.2836553985503551,0.2979475819835783,0.8289562251105758,-0.0025946590724965626,0.0016804861876357166,0.8025436659189003,0.16531040084747584,-0.0011956836278045795,-0.0015986631265062733,0.00684560806449313,-0.015679328676527382,0.012189519004003587,-0.15204625206862338,0.051890286257669754,0.6475520740479304,-2.1021148331095176,2.0878877711592065,0.1692783956901201
5174.76,0.2891031731310417,0.2979105267237704,0.8289632180740172,-0.002538043053670764,0.00163774281867481,0.8027488046945711,0.17372930363637526,0.0006121393099040777,0.002476123711574748,-0.007221088441818418,0.017807539177484122,-0.005319615027798876,-0.14675698154320904,0.05173511351595925,0.647692181624017,2.114361867808525,-2.2088523426745033,0.8445069571619657
5174.784,0.2933859394899691,0.29792845805029744,0.8289649923298646,-0.002533930302238808,0.0018111552035552849,0.8024010451891355,0.17878109992086585,0.0009676011759230361,0.000201290231195385,0.0013807185200330448,-0.002758981854399422,-0.013431659598381716,-0.14365657277507382,0.05317510008944145,0.6570801734319606,-1.9952850541367435,1.9981017547312259,0.113684282468916
5174.824,0.3006280515111298,0.29794649943126655,0.8289841361679312,-0.0025614640481578382,0.001564562413111913,0.8024245051121004,0.1828616445208355,-0.0010211738215939008,0.0008982946734850026,-0.004314774996391317,0.011311070170042282,0.01951303005445017,-0.13526054570443283,0.05182121445544915,0.6470684173840131,-2.1026787200269528,2.0935816938243246,0.1919784762849752
5174.856,0.30678542227584665,0.29797973026541397,0.8289844242974138,-0.002501686337999209,0.0016566804054375232,0.8026033362201302,0.19044844143556874,-0.0008446899013523479,-0.002127687965527696,0.006247957236749826,-0.014939231676508055,-0.011828963869360306,-0.1269953284682326,0.05082520807433911,0.6345557399102991,-2.041304401069554,1.9753085529680456,0.10495545032896637
5174.896,0.3145696854909234,0.2979317808708542,0.8289973379650456,-0.0025987545509376766,0.0016722379809947098,0.8022062933025893,0.2017081692316391,0.0011707009844456819,0.0011060511864935565,-0.01010537141428269,0.004378517280082769,0.007670747056369046,-0.12272042372406927,0.05177288207471756,0.6467139521274314,-2.103544007550753,2.098729468545927,0.20968686091900327
5174.928,0.32090620672698755,0.29786178664473906,0.8289632951704634,-0.002613132382828819,0.0013609920518262916,0.8023976945686659,0.19552742858886404,0.000489357153941435,0.000953492476337708,0.0008101136113871794,-0.0005035896698988889,0.002744240186712028,-0.11646461624768462,0.05174975201977865,0.646535702368323,-2.1040972901276755,2.1015511730049456,0.2187377108120408
MISSING
5174.992,0.33300999141299475,0.2979273631904499,0.8289714575543533,-0.0025694993278408598,0.0015308854940104897,0.8020580314072673,0.17694509989822205,-0.0002675560488193892,-0.00033212271889558354,0.0003889655013376105,0.0005264697025878756,0.011422318344271414,-0.10288339304834544,0.051551680861390496,0.6463477076861713,2.08793818503762,-2.16518732816127,0.7531182742554472
5175.023999999999,0.3384466858462285,0.2978925309160292,0.8290081323367642,-0.0025951846932203678,0.0014139270325335285,0.8024875873093853,0.17431592938763826,-0.0006074731392803985,-0.0003388268571057099,0.0016745162948773587,-0.0030933068742185874,0.005747246200627979,-0.09411709652167775,0.05060188643218005,0.6322584330594444,-2.045670953779504,1.993895257430949,0.16233319900436458
5175.056,0.34382056038815134,0.297880889060738,0.8289512848189164,-0.0025736751789532364,0.0010709661539800698,0.8023896784841279,0.16774567600793652,0.0003506292808705519,0.0008315816215958467,-0.0017082381985357995,0.005252422384473741,-0.008849177684542669,-0.08534424279291282,0.04959707670706439,0.6195787055799203,-2.0505902634334374,2.0837865044952215,0.40634850783280874
5175.088,0.3492017607721278,0.29788761319593726,0.8289847190917708,-0.0025605925427242293,0.001468608328893952,0.8020882998670318,0.16350050366544402,0.0014501700903273088,0.001114640909063904,-0.0011188486148258506,0.0038060209266464803,0.004069211286216446,-0.08323505956248592,0.0516354104028609,0.6455002341769276,-2.1080481428700493,2.1188418084120384,0.26893935273381
5175.12,0.3543363570968115,0.2979214042951691,0.8289860441817418,-0.0025377603998138864,0.0013954115937370494,0.8023845576477288,0.1544726425114797,-0.0001231823867078328,-8.319745825181605e-05,-0.00033706771759173303,0.0015775881144497648,0.020357072736373206,-0.07579656613263216,0.05049647925973148,0.6310679364339916,2.4304767884949623,-2.379787855796613,-0.230795967045192
5175.152,0.3591614661973518,0.2978779392542347,0.82902932641777,-0.0025595639200511893,0.0016094180234774856,0.8026463999072496,0.14650151477939288,-0.00026892978068147514,-0.0002949391114428585,0.00156186514630457,-0.003955175325299164,-0.001124096938866408,-0.06971111800611375,0.05046351805417025,0.6306696549891543,2.4248254253113024,-2.3780122370625145,-0.24286855528966092
5175.2,0.3659659123196168,0.29788021406486914,0.8289301790569968,-0.0025297577308488447,0.0012182887068305358,0.8022224477173466,0.13981441655735857,0.002144046331106072,-0.0001307702690714593,-0.0022447728284722317,0.0069543490889735675,-0.006396727396771181,-0.06559118442362052,0.05141772574461368,0.6449952686455585,2.0683250361304997,-2.1286125745079687,0.6801124179802904
5175.232,0.37033343137316815,0.2979333140334147,0.8289585016475907,-0.00245490464898948,0.0015708536772702686,0.8022199783648115,0.13307273314937731,0.0008483143533636129,0.00029222500978586956,3.3726501872960374e-05,0.0005510763515282501,0.003664985049803778,-0.06068785689563102,0.05223170584516009,0.647597741000545,-2.082421048125019,2.146502618741739,-0.32830967497830155
5175.255999999999,0.3734463375842743,0.2979285512758658,0.828960103320117,-0.002483783178722836,0.0013966366609466335,0.802278060127644,0.12612958908805819,-0.0007961004866001732,-0.0022597618674207475,0.005879004844808551,-0.01686084536485663,0.011862143631615642,-0.05526898285232246,0.05138198934605556,0.6445362570277041,2.0631329933841376,-2.118476850462439,0.6604632627820074
5175.295999999999,0.3784253678406526,0.2979993155909513,0.829005761495826,-0.002483113144256319,0.00169415217455688,0.8028982193094489,0.11981931599433968,0.0005810203828531612,0.0017634040774745468,-0.004053068966849978,0.0128358798808498,0.007932768416387688,-0.05036843605169246,0.05224149270328869,0.6476212875838674,-2.09156694601457,2.1558304739147562,-0.2877507793000694
5175.3279999999995,0.3821510561423562,0.29801763228404643,0.8289995083583205,-0.002599449591222089,0.0018005098911770046,0.802835896855287,0.10871720495523851,-0.001128612586212777,-0.0021196005074344375,0.0025510051730912833,-0.016186275029672258,-0.006459839934337993,-0.044219611924039705,0.05057618135568275,0.6254401958992235,2.3251641173913318,-2.4278392717482267,-0.5006496205603559
5175.352,0.38471895444957904,0.2979843769970449,0.8289606384249681,-0.00266325844261741,0.0013933679017247283,0.8027023354109704,0.10652773970795629,-0.0005105131242928273,-0.0007004583639686886,0.0005952006003049195,-0.010437503112952589,-0.010275979541926905,-0.04083984252821555,0.05133191453335566,0.6438107743200625,2.0559546683127,-2.104250070435705,0.6333336650121898
MISSING
5175.432,0.3927041874245934,0.2978936375658079,0.829008990670116,-0.0026166719720306236,0.0015351111025847099,0.8022293769842354,0.09355802453505828,-1.0778333452339277e-05,-0.000970577495591938,0.003005586709057312,-0.008512015460535729,0.003818795383613352,-0.03373541160433479,0.052658278890327904,0.6452620477232285,-1.9846720733016676,2.0741530044279357,0.0670709829358083
5175.464,0.3955217430458899,0.2978947206612859,0.8289911921984767,-0.0027029892026292105,0.001180546355997359,0.802442333139138,0.08550536803257654,0.00038853223695230725,-0.0010804821633430134,0.002328481250227659,-0.0065719501589349095,0.0102761972357767,-0.029354300263624098,0.05025898475768556,0.6277882370333641,2.384219935322014,-2.364458770723725,-0.3218186910358425
5175.496,0.39831328699111385,0.29794315065504007,0.8290411843383241,-0.00260185233747431,0.0015248039310107283,0.8029203999811175,0.07899665174799128,-0.0003717974991782994,0.0017971480315831815,-0.0030992164065432883,0.010502012613815925,0.010507233740019,-0.02558046017839979,0.05224784681753376,0.647143036762112,-2.10975898544752,2.1769046467486564,-0.13095180791687133
5175.536,0.4013284007304655,0.2979301133457559,0.829119088529811,-0.0026366883166264415,0.0019703459812162585,0.8030376687366206,0.07026257509963314,0.00018098529885463268,0.0005981189074277113,0.0004731600014434506,-0.0008139185346623241,0.0008147708516483891,-0.0223220171373282,0.051266427525308474,0.6427160221185595,2.0467935320039374,-2.0858438166802995,0.5990224808946945
5175.5599999999995,0.40293342789406666,0.297920101786231,0.8290855666553463,-0.002566431036371147,0.0017576409351146764,0.8030485327628081,0.062163185795918986,-0.00013496064283227355,-0.0014345164430522033,0.004412476671597665,-0.013479188383447431,-0.002965231501139279,-0.01931331740991844,0.05020965478640552,0.6269682280109413,2.373430928460414,-2.3606855966054385,-0.3411809135613385
5175.599999999999,0.40540671169822057,0.2979487490927386,0.8290221548815552,-0.002633014839389834,0.0012628632793555117,0.8027700098479289,0.05862587271585488,0.0026097515674121607,-0.0002493917035727305,0.0017239358138551003,-0.005062278068599833,-0.008460780778653478,-0.0160715129796984,0.04991801944482295,0.6195256813011343,-2.2164652577684865,2.337059152883458,-0.6439327602865712
5175.632,0.40703725967096976,0.2980857949813703,0.8290447184542342,-0.002652999299136746,0.0011450852191323883,0.8026127606421578,0.046861235144242536,0.0053888942648467044,0.0005033943441414524,0.0004750300808489622,-0.0011669558936803727,-0.005023070929817499,-0.014103223608763576,0.05123666692081661,0.6421659130443563,2.0427231322025925,-2.077608146970053,0.5839525872309471
5175.664,0.40847826333317366,0.29831291292687423,0.8290438337842072,-0.0026541691622697368,0.001345589012058882,0.8024438612755916,0.04170620274862457,0.009847985395419808,0.0016759625952286468,-0.003125646605363119,0.010369976117256997,-0.00029774952476201784,-0.012049571229773825,0.051229152769235314,0.642022045522149,2.041704432954112,-2.0755432606150612,0.5802006286090432
5175.696,0.409738292482746,0.2987139133698944,0.8290899069516287,-0.0026058991815935345,0.0016764133937942015,0.8024177365961959,0.03977731217971589,0.01260162605361203,0.002191265577836999,-0.003201003093105698,0.010556515222584224,-0.006977033622574623,-0.00928889038554859,0.050160324875726046,0.6260966123697213,2.3624402105636717,-2.356788400053133,-0.3603960229024076
5175.728,0.4108333727807303,0.29923265116890607,0.8291211344845132,-0.002635168378727793,0.0018528644814384094,0.8025479619071482,0.03147608620029684,0.017793783887289794,-0.0012170504681411987,0.00023689301468694454,-0.0009047141078728913,-0.003213359614008885,-0.007943498710821775,0.0512140322471785,0.6417266193121327,2.0396651532863035,-2.0714060564673784,0.5727142638171538
5175.768,0.4119017803279792,0.2999852642158729,0.8290977799503826,-0.0025734931286057637,0.0015869050917753148,0.8025687148615582,0.024154447677879984,0.020692149217643386,-0.0016943306501098455,0.0026769030283835993,-0.008744858040859694,0.0022899607049060126,-0.005891072309772304,0.05120642531055609,0.6415750442814657,2.038644424669372,-2.069333672030741,0.5689795502403574
5175.8,0.4125988450897617,0.30071009514408475,0.8290842925995741,-0.0026476991251202014,0.0013200155162804848,0.8027340216367204,0.020396910866984325,0.024292798894391485,-0.0006219735093881893,0.0024418858821047646,-0.007977095877380618,0.003985261410644182,-0.004910544783863412,0.052167627464375935,0.6455071280813447,-2.1230982353844055,2.196314112279632,-0.02232056825742592
5175.831999999999,0.41322678431856635,0.30153384662669436,0.8290126126295684,-0.0026158239876115943,0.001129513129365552,0.8028278270231158,0.015400427589255583,0.026876645258471266,-0.0006958283173519945,0.0009355269243508253,-0.003188007234189383,0.002908745794621124,-0.0036807679085802264,0.05086387911705657,0.6231902228416805,-2.0831768493386367,2.0225647064472496,-0.24218705899302198
MISSING
5175.896,0.4140070782245389,0.3035056050929856,0.8290649945217474,-0.0026613451635267822,0.0012874980839005226,0.802858852526305,0.0130806762709184,0.03529246745174218,0.0016559129428278566,-0.0038389717092984325,0.011740540806040714,-0.006549193661209506,-0.002178406394422049,0.05116745616405132,0.6273742023523508,2.3455574810822646,-2.3103438943467665,0.5510425368200965
5175.928,0.41444456890133186,0.3047239260266156,0.8290815188827183,-0.0026269980067373097,0.001798509379289493,0.8025566346085466,0.007945791977134756,0.038479036559582055,0.0009066343377203431,-0.0035835980253484017,0.010659336838044159,-0.01188911871328406,-0.002178406394422049,0.05116745616405132,0.6273742023523508,2.3455574810822646,-2.3103438943467665,0.5510425368200965
5175.96,0.4146018506184502,0.30600871718049144,0.8291035743985112,-0.002599057924071506,0.0021369051240568916,0.8021579295046712,0.0025366292161518055,0.039864927346661104,0.00022345804396843594,-0.0016415514032901246,0.004416268191770779,-0.012727301452428872,-0.0018182481138545397,0.05315210288628457,0.6447465237173119,-2.208252957812576,2.124385736823025,0.03336148621737149
5175.992,0.41461998662052346,0.3073658567793542,0.8291124913845751,-0.0025621405133900437,0.002175708145615626,0.8019394545525521,-0.0008050597534506378,0.04537383402249271,3.676838061184379e-05,-0.00010822878501267686,-0.0003103216532148462,0.0025602960550296324,-0.0012880187219436075,0.050946106930271094,0.6242213372288251,2.1984840347318912,-2.203061270852874,-0.06855072664427798
5176.032,0.4146340118943757,0.3092824735511585,0.8290754640303506,-0.00260260588917445,0.0021832972594878967,0.802366341145497,-0.0010379631927475905,0.05018830173216357,-0.0010376458905254115,0.0011113247006579138,-0.00396275152987476,0.014335227971882204,-0.0008272731214544044,0.053014800213207335,0.6430476977516408,-2.1896035018927424,2.282008125612115,0.19561647230806897
MISSING
MISSING
5176.128,0.4141091084531353,0.3143570822275849,0.8289825339156686,-0.0026800629907955563,0.0009552771312839827,0.802509068974277,-0.000211541752629576,0.07078629791256308,0.0003914792095589026,-0.0017345181926780768,0.004781687225808821,-0.0056729067168355424,-0.00017152095829219816,0.051167478084887245,0.627310661465264,2.3443730627372883,-2.309180781985731,0.5460247011169402
5176.16,0.41408432122046795,0.3173182113999419,0.8290062765926038,-0.0026738037101233813,0.0012380788313775446,0.8027180701529539,0.0007342390970819523,0.07641370318849713,0.001363016819895227,-0.0043306162511641865,0.012103531369136743,0.011896986957270893,-0.0008514048844997864,0.050772502725817584,0.6229008628011117,1.9875451437657357,-1.9742426156340571,-0.06733433389036692
5176.192,0.41408130551498507,0.3198976652951811,0.8290298731900178,-0.002638809418671298,0.0016317459396613153,0.8030605297247825,0.0018490445425431712,0.08225233116604451,0.002093616893858332,-0.006749936276658665,0.01857921878572584,-0.0022102312407252024,-0.0012755879354938164,0.05211661456213347,0.6252979409217185,2.3519956132775683,-2.35216366005254,-0.3725074700626134
MISSING
5176.264,0.4140445978262394,0.3262564419378416,0.8290364593858143,-0.0026589807826356555,0.0016535961262741767,0.802840956939489,0.0015998467734617112,0.09720793160964059,-0.0012700526209629538,0.0018222762082735855,-0.005460598171685351,0.01015308862938479,-0.0012829684828454583,0.05293576917977515,0.6241219381495373,2.197047797389012,-2.2019154066413096,-0.06824003164573558
5176.295999999999,0.4141108897342868,0.32943984640705043,0.8289760239596852,-0.002651143474468156,0.0013690059870285016,0.8029410488788468,-0.000227024671674923,0.10308427406494554,-0.0011640000950132645,0.0007790410367241206,-0.002549173607574522,-0.012183630587161865,-0.0012829684828454583,0.05293576917977515,0.6241219381495373,2.197047797389012,-2.2019154066413096,-0.06824003164573558
5176.3279999999995,0.41423074620856604,0.332915169398327,0.8289644529959944,-0.0026645562243273174,0.001749042464731435,0.8027044069491124,0.0015235139611866884,0.11077411146869941,0.0008945890382586944,-0.006640159157935044,0.01685662136074294,0.007262163835085501,-0.0012829684828454583,0.05293576917977515,0.6241219381495373,2.197047797389012,-2.2019154066413096,-0.06824003164573558
5176.36,0.414202372905798,0.3365877642026647,0.828994826671577,-0.0026197529089085916,0.0022004582923414798,0.8032349611076623,0.0007800503049184991,0.11518044868568551,-0.0007387235537552744,-0.0027649057235495777,0.006221019539327846,-0.004484442386838977,-0.0012829684828454583,0.05293576917977515,0.6241219381495373,2.197047797389012,-2.2019154066413096,-0.06824003164573558
5176.392,0.414163572073127,0.34038786355173795,0.8289520295187994,-0.002658957279745239,0.0019890599848033153,0.802841411909215,-0.0007811822422415329,0.12077151577100036,-0.0031123069145613147,0.004438896103188779,-0.011989761266729305,-0.009476365780822641,-0.001075781894988748,0.05056688631928256,0.5855441461218591,2.3363610569170596,-2.300690447125285,0.5364231371327679
5176.424,0.41424375776139805,0.34437427819463184,0.8288511810170865,-0.0026574007145881836,0.0018122188202605212,0.8030582809715779,-0.0010688232895734613,0.1266011930592654,-0.0010157354171082488,0.0007725965938470117,-0.002556797093694012,0.006751627726362123,-0.0012777042321316062,0.054925111377844144,0.6240200868517888,2.19561579792639,-2.2007790639528153,-0.06788247670274335
5176.456,0.41421218215386085,0.34859255204153555,0.8288335060168707,-0.0026869732467082372,0.0021160523777842962,0.8028082615406548,0.001369253645974376,0.13657771573613114,0.0015090232224129949,-0.006974183265483113,0.015941009750682425,-0.009375253567306332,-0.0017214687421972282,0.05261581731567915,0.5970235951995736,-2.129231798473447,2.1779604846249363,0.38390686324618867
5176.487999999999,0.4141574822395572,0.3530484013913974,0.8288553032673632,-0.0026726378878324532,0.002110566576832274,0.8030835407846808,0.002951330431961404,0.14101770122733248,-0.0016892036415851336,0.002014858770502381,-0.0055516524593378115,0.005614989916542252,-0.0011234611964232298,0.05335081351557375,0.600659859105536,-2.054599664999738,2.064189244799038,-0.2820723582267863
5176.527999999999,0.4141619936906216,0.3588703642613589,0.8287775003107138,-0.0026958878925788738,0.0018408226407435697,0.8026356941483541,0.0006938911887845008,0.14824748876871846,0.00039947452029380937,-0.0022658687763407125,0.0045188711418498945,0.003837859250340484,-0.0012880722764521601,0.052442702025668385,0.5854522977463982,1.9826577125289448,-2.0149430197532197,-0.2840573468372439
5176.5599999999995,0.41424289029543254,0.3637082917391238,0.82888128224877,-0.002674558849837877,0.0022306439211726547,0.8028264890174863,-0.0025899546766433,0.15371033124602787,0.0007366872877763256,0.002223421924426512,-0.006035340420048269,-0.013091728868645354,-0.0011722033366504694,0.05227005439162314,0.5822801657969574,2.262678327581634,-2.4232673002118235,-0.34607892211410696
MISSING
5176.624,0.4140638898579232,0.3740932453763544,0.8288995053173012,-0.002727323846525334,0.0019439676798099356,0.8027851259942721,-0.002001841559157304,0.16703321845794836,0.0027707608536410373,-0.004624088903132589,0.008982747641249293,-0.017463864915987816,-0.0011152852647562724,0.05300546551175658,0.5773432569901408,-2.2460695156514987,2.3494494367824816,-0.6243131983285944
5176.664,0.41401392483572136,0.38087043889412714,0.8289482963775295,-0.0027035047205626666,0.001675066264155363,0.8029095743515895,0.0014690755041803828,0.1758716639417018,-9.094505653104724e-05,0.005401055859346524,-0.011425954701011631,-0.005367427737361899,-0.001197620802269818,0.05410336497516777,0.5771720996825338,2.172459165112853,-2.299973649334711,-0.3862585500473875
5176.696,0.4141852027854538,0.38666440424245446,0.8289756189826001,-0.0026987509959043587,0.0020874152077208926,0.8027605853927717,0.0023099408653852543,0.1852282965794352,0.0020311654987576946,-0.008556264166150586,0.01689429785525917,0.010593601204822108,-0.0021109690295095696,0.05590945572640089,0.5822291052049657,2.1922455067557753,-2.1980523709371074,-0.06466452301280687
5176.728,0.41409937988867657,0.3927456244350301,0.828952340175441,-0.0027189630571115755,0.0020040284548816455,0.802958588972846,-0.004750324217208887,0.18693615953803794,-0.0025020331898683267,0.0105303070963688,-0.021371097212975962,-0.017455328046660733,-0.0021109690295095696,0.05590945572640089,0.5822291052049657,2.1922455067557753,-2.1980523709371074,-0.06466452301280687
MISSING
5176.8,0.4140882245584024,0.40640971517118046,0.8289683588870419,-0.0026750069277562557,0.001742323758583656,0.8025084467915016,-0.004713554151298317,0.1865755109854115,-0.0011033628472318885,0.0064615951030756,-0.012033294847114372,0.017473615407610287,-0.001926319878101815,0.053429331974314764,0.5445361601312929,-2.3244304538129463,2.434302528178837,-0.7835725956397428
5176.831999999999,0.41405561263193175,0.4109966970757239,0.8289877807232543,-0.002751909421495743,0.0020797783482918272,0.8027828787003911,-0.00464459097336551,0.181098767488667,0.002136744049894151,-0.003597458715965315,0.006387918955988931,-0.009324527374959852,-0.002854057978036701,0.054278408066362124,0.5419760991553564,2.2428494598165623,-2.222081722731944,-0.3656480689443162
5176.856,0.413919601408797,0.41661115840371077,0.828980845778546,-0.00274781990842202,0.0018031318166143971,0.8025494354320003,-0.0027015708224802995,0.17369799280660198,-0.0018022592000946874,0.010131717202202998,-0.01816812015928705,0.0172240635246597,-0.0028444305744646206,0.05503009836091054,0.5457462842006473,2.190363248682386,-2.1965201315966167,-0.06182375252939137
5176.896,0.41392037257339503,0.4233819304302816,0.8290012657836434,-0.0027085456976655934,0.0017889864984835426,0.8025640374365872,0.00017250691726801654,0.16878120537104144,0.0017502053812832217,-0.0064817382940351,0.011395696506046575,-0.006042306104413746,-0.0028483526151001502,0.056005680442844215,0.5418788678029917,2.2412938295992615,-2.221089546159048,-0.3629676800719924
5176.936,0.4139882866314249,0.4300250298376839,0.828987631147848,-0.0026952463335265303,0.001798223747456975,0.8029022639721768,-0.0036309361558856156,0.1583454941413304,-0.0006090939360032416,0.006689116851651591,-0.010670052560039521,-0.00270342456629931,-0.00283884662931537,0.05676965824121887,0.5456465232548379,2.1889900447492785,-2.195462138026205,-0.06131561822001175
5176.968,0.4138986792431162,0.4349549314952257,0.8290459454165051,-0.0025841071530717324,0.0019230910049612584,0.8025273763396746,-0.0017916428712518209,0.15127085992625602,0.0016244593500315766,-0.0038321123526536285,0.005940410086494368,0.002599153533166122,-0.003141326392862999,0.054746358586221754,0.5137450468437476,-2.2160379719057732,2.241788917817522,0.4474509482413762
5177.0,0.4138546334332673,0.43958791803310954,0.8290145123017074,-0.0025342672141052936,0.0015966433822554086,0.8026676368714761,-0.0019496578383158853,0.1456337607198027,-0.0028434671249530164,0.00990651765890828,-0.016833939809308765,0.004515665249158542,-0.0031657877925797945,0.05634172476518654,0.5246944079280141,-2.1471773972038597,2.1928700700915877,0.3432887245779871
5177.023999999999,0.4138443042265321,0.4429607753543758,0.8290047266487015,-0.0024778912600994644,0.0013481427484212517,0.8025125180397022,0.0013461875522768796,0.14389335390529226,-0.00016102459460320788,-0.0023082003176511036,0.0034969223086866786,-0.014216233430750241,-0.004012427109443028,0.05683816865164966,0.5259050812167122,2.2110629497694245,-2.1577242661983216,-0.1691054301073766
5177.056,0.4138757485613141,0.4474071777655807,0.8290454557189253,-0.002512125230656142,0.0017062598513055281,0.8024743495601494,-0.00018424465083926502,0.137486903567983,0.0003499211472835713,-0.002821806140725911,0.004264295239940291,0.01843462648822119,-0.00338922090114875,0.05581400931145069,0.5102561640473503,-2.324725293544382,2.274951380724142,-0.6251254835916557
5177.096,0.4138647556206995,0.45276457861150543,0.8290102038768346,-0.00255894542031945,0.0015632056610676986,0.8027561853484318,-0.0012185526161193718,0.12699900689992633,-0.002216294139538702,0.006315961362945812,-0.009866152550791414,-0.011980542172015515,-0.0035913906013171535,0.056918346539335044,0.5155612064586664,1.929893720054287,-2.0885124661309207,-0.23857211889815552
5177.1359999999995,0.413913882246616,0.457657434871141,0.8290090209877353,-0.0025923477469284805,0.0018714968061179374,0.8024168536697076,0.002833864778360412,0.12060625547711788,0.0010877531388972358,-0.007720872554204844,0.01234494109263179,0.013658086910757247,-0.0034799333509900523,0.05752765531668681,0.5133538449404086,2.185842523395526,-2.1929986680388476,-0.05786463109366206
5177.16,0.41395263366043816,0.46039144946708666,0.8290375024027504,-0.0026629086674515487,0.001892252408665048,0.8026239803080765,-0.003207092909921394,0.11338494779838554,-0.00016858775463474374,0.00613544174927186,-0.009336799293745356,0.012134815116725229,-0.004293400931965134,0.0575665282299525,0.5095019852722916,2.1703743251797385,-2.2847309197196806,-0.3382260355852959
5177.192,0.41398171180162696,0.4638670970700874,0.8290148229557739,-0.0025340026199905555,0.0014825986967903508,0.8024798766050283,0.0007279870685980698,0.11022306480201848,-0.0005723697413106962,0.002474483041681819,-0.0035344412055503946,-0.009667196944874975,-0.004469127925744488,0.05690482722842108,0.4949649761663176,2.0381801785895224,-2.0557123906528156,0.5644592735134121
5177.208,0.41392963839735386,0.4655628289735952,0.8290200016459964,-0.0025624914470410674,0.0013483178146561187,0.8022340750731602,0.0010505510033424318,0.10783677285643793,0.0003236423792764586,-0.003232465811737012,0.00523993607098537,-0.0059931920975466926,-0.004469127925744488,0.05690482722842108,0.4949649761663176,2.0381801785895224,-2.0557123906528156,0.5644592735134121
5177.264,0.4141101998299356,0.47132046609791617,0.8289720780200356,-0.0027079880067751665,0.0020994513986690865,0.8026472129893768,-0.002266294148787229,0.09251911273711995,0.00013793522641987723,0.0050930537006822485,-0.007597457350988344,0.013911940736550006,-0.004956776834542651,0.056990657637392396,0.4879281857147845,1.9961028783311434,-2.033930729845885,-0.222515582583306
5177.295999999999,0.4139761289960149,0.4741238781310235,0.8289792922119507,-0.0025460037993688123,0.0015485109648103808,0.8025535196673096,-0.00378329393606542,0.08553034781414999,-0.0006835358535798048,0.008475798671371328,-0.012604370483721587,-0.008563878657015713,-0.0045523399330658154,0.058502738512286,0.497951099692164,2.041447653177345,-2.106903866803232,0.2293912310152991
5177.3279999999995,0.4137952895960443,0.47674936358023806,0.8289640848310753,-0.0025363236775830006,0.0011563085225282726,0.8022321236844678,0.0026642263687770714,0.08375192123285194,3.440185480010737e-05,-0.0061113672576893685,0.009186783619425107,-0.0035905860135854242,-0.0049511800309880154,0.05855546837853859,0.4879119850371641,1.994696587794683,-2.033501437619165,-0.2196037829887442
5177.3679999999995,0.4139322118659397,0.4798444585157202,0.82899720963891,-0.0026402006618062145,0.001795064909869497,0.8022582443594869,0.005864312603281145,0.07507196695071,0.00017164239212243522,-0.008003509432966467,0.01180948321655933,0.007980779531612676,-0.004717657234772644,0.0572846047794606,0.4814819549721498,-2.2550837629129963,2.3370089151242857,-0.63648830981221
5177.4,0.41408143254223123,0.4820773318367671,0.8289662405189897,-0.0026404540199735692,0.0019056899397304507,0.8024784975572931,-0.0026260284705589107,0.06450119808354711,-0.0009869956688668942,0.007122571062573294,-0.010380570440983701,0.009923523456217833,-0.005601610158454331,0.05820566236937691,0.48472677522723345,2.1833412664528553,-2.19102767186953,-0.051706122655616776
5177.424,0.41398981401042423,0.4835945471467623,0.8289486064302359,-0.002555850266762781,0.0014789542203982274,0.8026765988945131,-1.2565566466674743e-05,0.06251003731434762,-0.0011748503817571004,0.006015770406337279,-0.008663319554250691,0.005966881827037777,-0.005601610158454331,0.05820566236937691,0.48472677522723345,2.1833412664528553,-2.19102767186953,-0.051706122655616776
5177.464,0.41396821399659306,0.4858978321221745,0.8289338218648985,-0.0024567083998618218,0.00116914128664662,0.8025247788238733,-0.0014427664343909107,0.05381448541273995,-0.0002769663905354355,0.0016252232747035287,-0.002301356181899173,-0.008071108574736946,-0.004711311339639062,0.0588194618387073,0.4813902349363782,-2.256258290151079,2.337661865455876,-0.6418399202331496
5177.496,0.41407884121885985,0.4875403139240078,0.8289682041257392,-0.0026025317889047522,0.0015004502739212353,0.8021838934542779,0.00069383502013318,0.04740219174584144,0.0009215227370241236,-0.004865967454392224,0.006996058966640804,-0.010163644476966164,-0.005595502099353397,0.059750927441323765,0.48462769166550096,2.1820408751392315,-2.190059645361845,-0.05107927035363696
5177.536,0.41407469765571303,0.4893333402549529,0.8290076091475411,-0.002672169858639586,0.0019347931638766117,0.8020816769664703,-0.0008832089843585324,0.04256619929269696,0.0013119154685632157,-0.005144344233513978,0.007349802773809913,-0.0004645598213746496,-0.005595502099353397,0.059750927441323765,0.48462769166550096,2.1820408751392315,-2.190059645361845,-0.05107927035363696
5177.568,0.41403222946635926,0.4906524270753637,0.8290968792591078,-0.002686319943776092,0.002106802460291433,0.8022573477810224,-0.0012500445073853317,0.04082040288139016,0.004613182794160926,-0.0014197830464790845,0.0020281946210127157,0.010939620382065147,-0.005595502099353397,0.059750927441323765,0.48462769166550096,2.1820408751392315,-2.190059645361845,-0.05107927035363696
5177.599999999999,0.4140087882435162,0.4919096391426567,0.8293030500709054,-0.002672413084749468,0.0020328976898869875,0.8026490121563651,-0.0018703757485047433,0.03621537337279399,0.0073899209101406845,0.0054112649936099945,-0.007649587139923411,0.010253975308512263,-0.005494107280326497,0.058226315714020115,0.4691336762155624,2.08738431428451,-2.0923480146189735,-0.28451748539647914
5177.632,0.41396285994443477,0.4930461599603903,0.82959747652822,-0.0026361508025130975,0.0018001466671755165,0.8029687501440369,-0.00010342844952403209,0.03378614502690984,0.010764545630752222,0.003131539644078605,-0.004378357385293093,0.007917667699585549,-0.005051714065655756,0.05858346268036038,0.4702304122032071,1.9333100865838322,-2.027152096749834,0.3359820710425831
5177.664,0.41391246864910214,0.4940167246889421,0.830020342748116,-0.002563843248001636,0.0014630642262309565,0.8030373355760672,0.0014991371905677443,0.02905149864191323,0.013768655596274822,0.004142648039157328,-0.005774878614310881,0.000885623500163425,-0.00502436395535206,0.05910566921341323,0.471582979352078,1.9470969445513386,-2.0021480049491593,0.5242068871712658
5177.696,0.41389605467179424,0.4948706997237247,0.8305044335174381,-0.002531513420817161,0.0011417276243705188,0.8031180257800381,-0.0013796425314256942,0.024154115205033074,0.01712753812724925,0.006903578388726866,-0.009630505512387793,0.0007490038316446117,-0.006235045152246385,0.05891855085579319,0.4686367684256922,2.0313952810604885,-2.1507219145199943,-0.2818701214058964
5177.728,0.41393610541726444,0.4956549365730497,0.8311159200240696,-0.002466617728810034,0.0011306873388783841,0.803115565846113,0.0015643857493761624,0.023261887292146947,0.023222166569544164,-0.0021184083733712064,0.0030186946201865416,-0.004610375867045748,-0.005787611307693552,0.05830609906755513,0.47070487164345354,2.097975537184204,-2.0456580565294433,0.27556344711608194
5177.768,0.41392557732437124,0.49647858718032983,0.8321492061580388,-0.0025203830415081855,0.0012575710400371033,0.8028606949821911,0.0011402881187165662,0.0187291356483431,0.027832816336657303,-0.0033738137730908034,0.004760541848459983,-0.007068631275311115,-0.0065588199802987315,0.058198741923906075,0.4688616467645692,2.2031783831421228,-2.1583735691065593,-0.1515947181165941
5177.8,0.41401797541179824,0.49707821606586516,0.8330914342058957,-0.0025730744004501464,0.0015491379934464446,0.8026311950212384,0.003936134117722851,0.01753383581618588,0.03341214712468241,-0.007838639755399715,0.011004310909325472,-0.005603698431390304,-0.006035033043490753,0.05686503698207405,0.46050873512198964,2.314610000454218,-2.312823013156551,-0.2579041256288978
5177.831999999999,0.4140261728492068,0.4974860817875394,0.8343013776503551,-0.0026471355570973484,0.0017104065873105097,0.8024380564462064,-0.003139973549039956,0.009248881803811917,0.040596683622315714,0.000376583273552553,-0.0004957134815156334,-0.004025305240312025,-0.006034438191083208,0.05525324632039588,0.45654648745099347,2.2291428910091966,-2.2147448771335894,-0.3078549060675281
5177.864,0.4140140769459052,0.49776109200802116,0.835711387977478,-0.00264160928010561,0.0018526582533493227,0.8022810564118154,-0.0010534273899100147,0.005313442917201893,0.04792915140240833,0.0005346485237581976,-0.000692586825632148,-0.003688785082916668,-0.006040704994558501,0.05539482186518645,0.46058297343462323,2.3162147427793895,-2.3142588977607748,-0.2605662875982305
5177.896,0.4140106323548188,0.49792591287734295,0.8373457737693863,-0.002635477394686322,0.001882195026246795,0.8023052316050113,-0.00013174905486363855,0.0018480622320323822,0.054215009480316025,0.00036749176734836606,-0.0004277661471053385,-0.0002707890064889078,-0.0057274002361841795,0.054219538374329426,0.45749260057712055,-2.278566568841363,2.3406408590866437,0.31140711995197146
5177.928,0.41410068287001306,0.49797584895783165,0.8391572984482382,-0.0026663452070348035,0.001967203556246828,0.8023056094384826,0.0022972958323573393,0.0023251107307242836,0.061178114893888566,-0.0030197556525131783,0.0043127596471359865,-0.00021485434202333739,-0.0054453587561336435,0.05325112950490856,0.46228646849113714,2.003916513147173,-2.040170760359838,-0.214134074376745
5177.96,0.41403682736163977,0.49792793383001027,0.8412317446109518,-0.0026998188964564873,0.0019506862722429052,0.8022941371631598,-0.003126123432702812,-0.002256655184967179,0.06588040271469377,0.0011388856530248571,-0.0015050565681555834,-0.0007010659341244851,-0.005825302917292941,0.05295675445530123,0.46906252838020457,2.1524197473680635,-2.223549440382477,-0.15837856220184557
5177.992,0.41392645957934504,0.49787291177252047,0.843460283702809,-0.002602713682560522,0.0017997642020148104,0.8023780649026653,3.174294297050541e-05,1.3465041064620712e-05,0.07393779650434387,-0.002133520406056119,0.003081240498473843,0.0007506247710140477,-0.005455278292649988,0.05028778667574812,0.4623153074333175,2.0067090602192716,-2.0410537657525767,-0.21991470384894518
5178.032,0.4140687645009382,0.49792378152499533,0.8464760283285019,-0.002751673945018714,0.0020751659518720425,0.8022466829355117,0.0034225307385332107,0.0024488045593583536,0.07949323851332729,-0.004487101268715742,0.006347935147972528,0.0004941131767782144,-0.005219753417108175,0.04773843812723133,0.45676361116151687,-2.2498733158018673,2.329435066371254,-0.6026807183823513
5178.056,0.4139897124293694,0.497917400660379,0.8485067824551922,-0.0026663325824708454,0.0020350732563805753,0.802402649436872,-0.00011484208464152531,-7.32924587918375e-05,0.08485384637343026,0.0002899014207256242,-0.000325820408030902,0.0003083868319959289,-0.005846382894496616,0.04696996312074229,0.46936233647992087,2.1576242605483076,-2.2272437103477727,-0.1671410974264607
5178.096,0.41392717001060864,0.4978700191307137,0.8521925645951773,-0.0026517254556978464,0.0019188953898782463,0.8024031462179153,0.001159421271320293,0.0009577060627542777,0.09258488308133578,-0.0002451249304974766,0.0004307539708185169,0.0003688093671015555,-0.005847647013139166,0.044339192243973875,0.4688149904870619,-2.148178708133667,2.1859433300741493,0.3249329429462687
5178.128,0.4139934990125323,0.4978728306953212,0.8552621218512523,-0.002625289224422535,0.0019183573840334536,0.8023550893626233,-0.0006598417245252888,-0.0003356980294902741,0.09790819915348851,0.002405831714127698,-0.003266190046895864,0.0011573471542810462,-0.005244566169813286,0.04045755886964739,0.4571336808437618,-2.2439437535711573,2.325971623191009,-0.5762662738984703
5178.168,0.41391899988398867,0.4978913648946266,0.8593902872504022,-0.0025866512040926444,0.001696055896730336,0.8024751239419748,-0.0007509337804059667,-0.00038656727810589084,0.10761605023266825,0.004722007662702778,-0.006491063748442816,0.0005417376376804282,-0.00525345997565661,0.037543826554899566,0.4572690849580665,-2.24157173843188,2.324562009119769,-0.5657673080075752
5178.184,0.4138955315419825,0.497862739784691,0.8611353371285282,-0.0025903085199787687,0.001547173255704249,0.8024513347754392,-0.00226424013443613,-0.0014643300229838095,0.11075308765324748,0.006846987482213231,-0.009458501342984843,0.0004287128615399118,-0.005352066609050217,0.03437352535673336,0.4555540723204136,2.231452949980453,-2.3007750123367874,-0.4936795210255423
5178.232,0.4140056111074492,0.4979267990494061,0.8666988394459648,-0.0025305744765398864,0.0014592219815799438,0.8024750006959578,-0.00050801201111489,-0.00019387709864831888,0.12065447449164755,0.0027054652388895433,-0.003664065743844073,0.0014410143214136691,-0.005815275368802361,0.03134867952248129,0.45999267602901966,2.0963249676856006,-2.2284224982624536,-0.42992095820650533
5178.264,0.41400846437065725,0.4979188584437481,0.8706867702411156,-0.0025142945275949857,0.0012816863742303988,0.8024631228296888,0.0004428481888349117,0.0004974166167495457,0.12831663075766586,0.001011784734897007,-0.0012942031857739692,0.0006134505698231457,-0.0058047018074135785,0.02791084272570831,0.4584365440085069,-2.2619654248192833,2.3072855155462024,0.35681714956324084
5178.295999999999,0.4138404688040309,0.49781525633806345,0.8749052673075952,-0.0024217306921448588,0.0008189425427476037,0.8024508487892091,-0.0010488172172121576,-0.0005594044211640896,0.1349768363270478,0.003373443395534708,-0.004587753950766287,0.00038369483992440283,-0.005903377766013931,0.0244976105541832,0.4702293696876829,-2.1913400029677597,2.2558744498471475,0.20214352047007436
5178.3279999999995,0.4138208723235668,0.49783664284582974,0.8793369564383126,-0.002418051567409443,0.0007544711885720977,0.8024867338040902,-0.002595586864719029,-0.0016554423709705915,0.14235349756814758,0.0008304696187552663,-0.001039659996551268,0.0002908970268852772,-0.005902863565571214,0.02040552007186689,0.4698036948342327,-2.1235156087335927,2.154047642841026,0.3585432684830863
5178.3679999999995,0.41395646922046975,0.49790106331891054,0.8851960239021368,-0.0024739927134618043,0.0011838129216939074,0.8024872401175136,-0.0029703800620216347,-0.0019113541844144521,0.15040553330540596,-0.0008378729710802942,0.001295345472756817,0.00028939862932367413,-0.005908802949949123,0.0159114733322877,0.46993052917123046,-2.1186880414569638,2.147980296397724,0.3647905435359399
5178.4,0.41389543368630527,0.49790131369971974,0.8900791282420157,-0.002501389002058521,0.001314680333335774,0.8025351619403441,0.0023654512942658094,0.0019131826002645408,0.15566220144306697,-0.008057843474041508,0.011391940764168638,0.0002771853014276085,-0.005923457145321236,0.010155240203378522,0.47108398033836313,2.1356513081842534,-2.082284951892321,0.05809165206725707
5178.432,0.413831789288836,0.497838258676147,0.8952906246976763,-0.002555586743075379,0.0014542666819377448,0.802559032789333,0.004524216389064922,0.00346908459916337,0.16353867646311246,-0.011456603252623047,0.01615170877003198,0.00044262067551206763,-0.006148658067753342,0.005645854103258044,0.45866665610591417,2.2823411338956174,-2.2504148849943912,-0.39644101115986974
5178.464,0.4140033069940911,0.49794868970829437,0.9005942337826448,-0.002686379176749789,0.0021057099322420226,0.8025228516569974,0.0024879481897343288,0.002021033857455238,0.1685195372826539,-0.006818657316784435,0.009686834854610842,0.0009394527501985243,-0.005834076876470148,0.0015725338043205805,0.4588402250803564,-2.2437619760449414,2.272731524563559,0.40089010819271176
5178.496,0.41401551548739485,0.49801155052578927,0.9059979817288587,-0.0027028360650678497,0.0021908728592774426,0.8026181864113235,0.00034610711946846036,0.0004973464051810545,0.17284115628409186,0.0010022208667417418,-0.0012224888058019897,0.0005904387686829615,-0.00584060809522624,-0.0041178535221252,0.47078070071087164,-2.2336420413342846,2.1765716494827005,-0.2454099875065684
5178.527999999999,0.4139779754040478,0.4979916194473482,0.9116462196554396,-0.0026103952412556974,0.0018471100630540408,0.8026171230835696,-0.002568934018710682,-0.0015738483951476775,0.18134886236841527,0.006957975099770437,-0.009528505656574048,0.0003585274468376108,-0.0061491355667685,-0.008999395399280704,0.45885298325198753,2.2980581932093647,-2.261543615689895,-0.4235738368839377
5178.5599999999995,0.41395734491359126,0.49793686734880066,0.9175300680216314,-0.0025659618853226956,0.0013807681454810273,0.8025679261070554,-0.0011617950086292557,-0.0005605402741647078,0.1846167207252309,0.008896654297295232,-0.01222036110944921,0.0003098756448551586,-0.005828306010913454,-0.014545061495905945,0.4587805930823372,-2.232128727448434,2.2513963166730235,0.4270694865591338
5178.592,0.41380624941593025,0.4978679657166126,0.9236757472619613,-0.002417218498746939,0.0010128764495086478,0.8025904392682234,0.0048866583997714055,0.003777710766841182,0.19276472689991708,-0.0059874261693381005,0.008576316965568055,0.0009877039630222407,-0.005821732771537648,-0.020410732880316737,0.458702035508671,-2.2278138554888787,2.2436147500214187,0.4364117850555041
5178.632,0.4139373949085889,0.49799069469116014,0.9316173132433624,-0.0025480298925322793,0.0016728375245183432,0.8026252083871739,0.003987129224590715,0.003144504210021532,0.19946659090487248,-0.014981159862796018,0.021127856844538655,0.0005467625235527354,-0.006129714566053572,-0.02660808351859615,0.4588071647141345,2.316869616364812,-2.275291235897744,-0.45653865703378144
5178.664,0.4140656111757511,0.49805613861172165,0.9378747622631438,-0.0026703754078875874,0.0021796152445514665,0.8025639652793697,-0.001866205455293148,-0.0010511510043286966,0.19133850562689075,0.0014371259779562867,-0.0017920810134763154,0.0003551158203180564,-0.005784183834039555,-0.0336038574407126,0.45684211087859566,2.088196529510938,-2.0434293856611045,-0.1846096435768775
5178.696,0.41407354766049714,0.4980789126052547,0.9438297682732786,-0.002688636738580349,0.0019396958451436178,0.8026340831298558,-0.0023178950967733185,-0.0013833025871251836,0.18344080355856843,0.008243809002660049,-0.01128838692985529,0.0003479209257831553,-0.006100659423307341,-0.03984005054126026,0.45858662864431105,2.3310338106847888,-2.286029364864505,-0.48159136701573974
5178.728,0.4140520338213012,0.4980996282938631,0.9495636220818485,-0.0025241200276073655,0.0016160357204486498,0.8026916369530521,0.002418633709286422,0.001996894651108,0.17759946391913684,-0.0003957412001763377,0.0007789260292208378,0.0003378537452949705,-0.005743040800840697,-0.04671829255311621,0.45579666430128235,2.100926902313962,-2.0480868587651067,-0.21299157335395302
5178.76,0.41415384425811785,0.4981373339249306,0.9551582833044157,-0.002596088742242455,0.0018419255995239857,0.8026057672172224,-0.0012905218580833737,-0.0006619291894145996,0.1739137596670118,-0.003854291620088003,0.005589924706023611,0.0004041942941097254,-0.0060486619195901856,-0.05280565535030565,0.4578113843065314,-2.2423195960020306,2.2326640836821823,0.11908655952958673
5178.7919999999995,0.4140906266872486,0.49809123538049127,0.9606343658776093,-0.0026503524823063384,0.002099413177223339,0.8026282886350098,-0.001268338937089315,-0.0006545049618059155,0.16761951450863946,-0.0053519510852965205,0.0076777198628304785,0.0004026231015318801,-0.006036285746502116,-0.05899352848717661,0.45800485064851204,2.35187965383264,-2.3026280099931724,-0.518615286501175
5178.831999999999,0.41407744436919497,0.49811396083718457,0.9670630493319919,-0.002588674433812758,0.00207003501108986,0.8026855184491273,-0.0010972773792345815,-0.0005446549432594418,0.15676547704467797,0.006299406398599621,-0.008577274520014022,0.00031456496739008474,-0.006105350152873387,-0.06542476251951214,0.45816763525636944,-2.2590117130225496,2.3299974148620666,0.490969692757335
5178.864,0.4139514791002506,0.4980183361743282,0.9719436644181658,-0.0024971264753964333,0.0014499755046166452,0.8026350354168098,0.0006551322624627225,0.0006698888915496509,0.14970089481631532,0.004989591070554676,-0.006747994774386032,0.0002709266156503122,-0.005471708827420099,-0.07118613267626918,0.45673981689955945,2.396727059895669,-2.3458494883442222,0.2206294745714739
5178.896,0.4139100854023373,0.4980014777287226,0.9767253493583119,-0.0024314449589132887,0.0013402338488074286,0.8027047117455061,-0.0003123165435643824,-2.8804045965915177e-05,0.14589955452423048,-0.0036902619135246438,0.005353902813419011,0.0004891285866595283,-0.0059378623920553365,-0.0761897140990861,0.4554699026508539,-2.2390212306706263,2.221870844469237,0.16756119538347927
5178.928,0.4139863235930613,0.4980301705296423,0.9812527932663087,-0.0025669809625209357,0.0017924090233271293,0.8026789315324172,0.00161140930176787,0.0013365184790525972,0.13843674027743685,-0.0066158076865260535,0.00943802760008899,0.0004857144330740547,-0.005903767420775437,-0.08203152539058697,0.4548504141385726,-2.2378053026070104,2.2187026718909864,0.17822594593456687
5178.96,0.41397340833866997,0.49804608396547917,0.9855898759841435,-0.002601812238887812,0.001962347845845324,0.8027370434711492,-0.00014235446602317795,-6.249153511357946e-05,0.13073424760264116,0.00410709298692716,-0.005563381967975788,0.00032229702625102927,-0.005390218968168009,-0.08747537455017852,0.4561163799609505,2.4130938098532013,-2.370046045680531,0.16537311417610512
5178.992,0.4139662753139253,0.4980369409103188,0.9896734328977169,-0.0025118208048560678,0.0016310657123995475,0.8026981435108391,-0.0009402721476185819,-0.0006417672957842164,0.12411746708437216,0.008251906432091992,-0.011352875114501946,0.0003209767218503516,-0.00583791896919754,-0.09225497922335638,0.4537475724237122,-2.235469224951478,2.21296525971631,0.19519713511072284
5179.032,0.41388603157827436,0.4979963879846917,0.9944710787024162,-0.002409612362269327,0.0011916021786533319,0.8027192879211597,-6.513253936634376e-05,-0.00017522530476506701,0.11697027911546164,-2.4813815212150817e-05,0.00018758149449993463,-9.58756821383123e-05,-0.00580727477016756,-0.09663750388918976,0.4532702765877368,-2.2344174321496735,2.2104791159898034,0.20175870297863754
5179.063999999999,0.4138552041418107,0.4979605866227278,0.9982227439580478,-0.0024407230041061764,0.0013995602074801567,0.8027293794018121,0.0010701297264249317,0.0006296038600086235,0.11281895629302233,-0.007714386838246711,0.010914744116637416,-0.00013123505751134277,-0.005775165375368836,-0.10102116764417397,0.4527915404926026,-2.233352142138696,2.2080026916137263,0.20786687095423473
5179.096,0.41401144557210245,0.49806068850977286,1.0017100290435197,-0.0026004042565310106,0.002070198006229286,0.8027274135180804,5.170824723995057e-05,-1.278860823202969e-05,0.10396969318048499,-0.002491496306385841,0.0036174707216880017,-2.4523490165960123e-06,-0.005741581202247262,-0.10540630697319937,0.4523121906780316,-2.2322851454624613,2.20555363552785,0.2135058913515413
5179.128,0.4140667537250083,0.4981145299387278,1.0048492404965046,-0.002576037698906696,0.0019736761681651647,0.8026889911958561,-0.004784333695565907,-0.0034480787948177783,0.09897461740647572,0.008665932060660892,-0.011969024789582937,4.084790999379881e-05,-0.0056868088216126544,-0.10681057139444314,0.44113833727433743,2.146956242268954,-1.9652831406111362,-0.5382472527091758
5179.168,0.41401431159561375,0.49806612275338225,1.008585887020572,-0.0024801938543700295,0.0015042256302754103,0.8026860979516797,-0.0028635659997727453,-0.0025202262050848623,0.08999328005668812,0.00993751147619417,-0.013747230512736925,-0.0006011439002787748,-0.00568230000361511,-0.11271898729541861,0.4515138493816712,-2.2305354619852085,2.201579403644527,0.22182637765984278
5179.192,0.41402360704042324,0.4980498478062521,1.0106951775375124,-0.002462520239826805,0.0013776854674121754,0.8026365114990538,-0.0027786966352790275,-0.00229866151595002,0.08635594351727195,0.004770529970933858,-0.006543606006817323,-0.00041682557850397623,-0.005663832718092,-0.11399386256129423,0.44361857976904673,2.120946472827348,-2.098957041585043,-0.6999070252082127
5179.232,0.41398621570035166,0.49803896515774565,1.0139607488224252,-0.002493151336686366,0.0014707227024162654,0.8026462087807172,0.0007601517815695992,0.00027794351021671545,0.07882432730100748,-0.006067058783724913,0.00858003612462129,-0.0003565177633281909,-0.005618832985978893,-0.12003786255880555,0.4507185269572989,-2.228869932978856,2.197805603316429,0.22876231426805865
5179.264,0.4139861035724939,0.49800446926807695,1.016444614868598,-0.002567358632643911,0.0018679228036080017,0.802692537539224,0.0013789510483573366,0.0008692561377432543,0.07327726502482772,-0.007073738996276271,0.009981702735509225,-0.00015052521328678947,-0.005592259484366854,-0.12296736424466025,0.4504016969649258,-2.228239738065481,2.1963682644425377,0.23114354969961318
5179.295999999999,0.4140245539356598,0.49806859199606646,1.018628247714732,-0.002603941380165574,0.002208039145618871,0.8027151737907527,0.001044700379159791,0.0006860536034956576,0.06414268716097633,-0.0009360739708761859,0.0014055814417083905,-6.025340135797414e-05,-0.005565001134855108,-0.12589804914420516,0.4500857489209792,-2.22763535475357,2.1949785235430643,0.23329962369070922
5179.335999999999,0.41424042716276793,0.49820030474046134,1.0209559217062854,-0.0026533284943609722,0.0023842700791117948,0.8026766363384865,-0.004329315318529893,-0.0031385531436400583,0.05678524915871058,0.008537124908399321,-0.011841453285568383,-9.934512496313415e-06,-0.00553705327140426,-0.12882994847235352,0.4497707492289709,-2.22706016119375,2.1936402694485744,0.23523121674933073
5179.3679999999995,0.414036598702623,0.49805606484327974,1.0226493741686444,-0.002474780018507579,0.0016486050507496914,0.8026509613772109,-0.001692482804655272,-0.0012630617071776899,0.050232766471120245,0.006876938718149342,-0.009524209558063488,-3.1120493247335764e-05,-0.005546450506624654,-0.12885620012054147,0.44365827126286644,2.139353894394206,-2.1065872816094653,-0.7227380426380107
5179.4,0.4138826216207547,0.4979327456622557,1.0242072875797776,-0.00237223506539343,0.0010843179525836842,0.8026851833465695,0.000523996710218993,0.0003100706713777865,0.043133782583510784,0.002992317641326897,-0.004106540751511876,-2.88626780994731e-05,-0.005493828230825062,-0.13323011682465408,0.4493001306096204,-2.2262591957666857,2.191737204086471,0.23771108187883472
5179.424,0.4138830866032722,0.4979454580669107,1.0252013683588088,-0.0023814718795228174,0.001073696713250765,0.8026845338538352,-0.002844910473282772,-0.0021056012268194707,0.040028150849598765,0.001717759869582148,-0.0023463669461832194,-1.459928138878774e-05,-0.005479069950058654,-0.13469746251070663,0.44914377512862086,-2.226010239982493,2.1911322809473677,0.23842752300592537
5179.464,0.413959228696858,0.49802874222098265,1.0265634463253195,-0.002431247872213127,0.001358154504520147,0.8026836530602506,0.0010980200497584824,0.0007003262992758762,0.03200154411583072,-0.004588406948305418,0.006454972084094041,-1.4144153827648001e-05,-0.005132032888585921,-0.13745234519438312,0.4482187421573006,2.189577442010204,-2.082461016004705,-0.3616503994445877
5179.496,0.4139680155452849,0.49803925030859686,1.027488669390253,-0.002500898322683974,0.0015609907896897747,0.8027191001045213,0.0010677101451601401,0.0006683654136038578,0.02586277822461177,-0.004663559570338442,0.00655072422438666,6.794897057802463e-05,-0.005433736886593561,-0.1391013634542068,0.44867629072328263,-2.2253225168347055,2.189410753036321,0.24025188229116273
5179.5199999999995,0.41405198417412564,0.4980391443278555,1.0280175730225707,-0.0024932792189899947,0.0017539755874310327,0.8026224670435254,0.001941818481197453,0.0010491965982159935,0.02122488965610467,-0.0056145036646250675,0.007874382718580885,-0.00023612864176811613,-0.0054182711326529,-0.14056994646494508,0.44852099263039696,-2.225114101819006,2.1888690085338203,0.2407533258797475
5179.5599999999995,0.41403611376483784,0.4980526495168437,1.0286871877559065,-0.0025841097684867792,0.00193799036703521,0.8026699747607271,-0.0005492015265106672,-0.0007281187662646911,0.011395295134824545,0.00027896929672348335,-0.00037343895752914465,-0.00019989944655835758,-0.005779321043815581,-0.13899876498435357,0.44247966570663033,2.1684541081269293,-2.1243872241729154,-0.5505038558847306
5179.599999999999,0.4140388570961674,0.4980312928893889,1.0289509203434501,-0.0025417095145666914,0.001974130159646918,0.8026819067261723,-0.002311625846850488,-0.0018593956108508604,0.00625290666213966,0.001523038852199665,-0.0021239998618762415,-1.2186784297582505e-05,-0.005402627025686556,-0.14203883339027087,0.4483659595948577,-2.224916617456503,2.188343758805069,0.2412023703012076
5179.632,0.4139094893558299,0.49795626297254786,1.0290509355696185,-0.0025791649996818266,0.0018021322383784885,0.8027059236182451,-0.0013780734182598834,-0.0011348379046755472,-0.0011313148718104123,0.002327415747790969,-0.0032539311881385055,6.087886781629342e-05,-0.005402627025686556,-0.14203883339027087,0.4483659595948577,-2.224916617456503,2.188343758805069,0.2412023703012076
5179.664,0.4140199634430704,0.49802971283453984,1.028986763395521,-0.0025710112135286386,0.001992628383473487,0.8026578906851258,0.0005359211514576025,0.0002644785484481439,-0.0003924364789048308,-0.00036415866885219645,0.0005101175084602161,3.7607406422775765e-05,-0.005401231983975713,-0.14055665493279498,0.44026009571700303,2.188658203551704,-1.978303160471535,-0.5821614747871166
