2776.504,0.648177089742665,0.5467688688954154,1.065794278732653,0.006833547652410745,0.8091437815672485,1.1918199143466746,-0.017733096637854433,-0.0027797983264991753,-0.005849912150468982,0.01360665826792681,-0.04726215416672772,-0.029206826137878082,-0.08731367563347536,-0.0519999638830642,0.4357534880143445,0.9673764312747761,2.5469281838604503,-0.40368623669507464
2776.536,0.6474796405176588,0.5467048884632841,1.0655664221910806,0.006583779876220697,0.8071703142101477,1.1909311871163941,-0.023810944882620883,-0.0022718959786790097,-0.007444519241114135,0.01674790715049609,-0.06202703684119275,-0.03813327592432881,-0.08836668344401523,-0.05199819277508393,0.4397555181737819,0.9551501862652857,2.538451492343768,-0.3649162698156637
2776.5679999999998,0.6465241623436717,0.5465012643564792,1.0654240791119527,0.006315207291573347,0.8046245301522893,1.1896903728187602,-0.03099736535171954,-0.004912555815623889,-0.0074191640248694735,0.021648794344518538,-0.07725412028500815,-0.047319705796317516,-0.08731367563347536,-0.0519999638830642,0.4357534880143445,0.9673764312747761,2.5469281838604503,-0.40368623669507464
2776.6,0.6454520441415128,0.5463769230827263,1.0651115225002805,0.005943669767982365,0.8016285660377448,1.1882892220868142,-0.03830129136508844,-0.0066681708888680965,-0.008409887261025038,0.029938286084948782,-0.09513423887004414,-0.052456906232057135,-0.08700279123651003,-0.051994247343500236,0.43568620557219595,0.9636244023534136,2.5593649519213852,-0.40902600113266513
2776.632,0.6440879377387936,0.5461429439387628,1.0648404933131657,0.005427370004331611,0.798016900626624,1.1867465650479565,-0.042712393242019156,-0.006136282905487471,-0.010231573307266761,0.03037574130397418,-0.09886604533862682,-0.05969850922685202,-0.08692375995959233,-0.0519765466883862,0.4395722344568602,0.9549925280083246,2.5405597324697466,-0.36757250842071826
2776.6639999999998,0.6425693122340352,0.5459094599260701,1.064500956544639,0.005055371177977811,0.7939283946840862,1.1849427601000682,-0.050767204736911806,-0.006483487201562415,-0.012059568082287753,0.03743171541432811,-0.12249213235566636,-0.06626376836493043,-0.08620017057879874,-0.05141723486171137,0.43832654609935456,0.9566436454666838,2.5236422790235227,-0.3360069923729305
2776.696,0.6408779886529559,0.5457195083753561,1.0640690250027907,0.004548972303929886,0.7893928397539521,1.182823439112756,-0.05675842944976178,-0.005895155562666768,-0.014735403082686959,0.03643484426832509,-0.1396545401549903,-0.08146735497164373,-0.0867550781514052,-0.05148585914992499,0.4388392064350273,0.9553446948086822,2.5457785493834697,-0.3462623826812675
2776.728,0.6389189085841176,0.5455173979409191,1.0635645671396607,0.003783421208941758,0.7841601644277125,1.1803538793605137,-0.06106957403663176,-0.006853706048224244,-0.01670218809063581,0.03893010346366925,-0.1518703811781571,-0.09065391613695305,-0.0853519744985986,-0.05112860367781234,0.4349065439868716,0.9535608457044555,2.5573437863640134,-0.37860875307589725
2776.752,0.6374256698678231,0.5452998000911415,1.06314228450987,0.003302712162376593,0.7799898831331423,1.1782034917925104,-0.06499875997665913,-0.0074205362227091004,-0.01772671741784781,0.042703485879140204,-0.16006754091655792,-0.09943986939532463,-0.08583293775247583,-0.05151264843469183,0.4389631842045984,0.9538875247707062,2.570014143138416,-0.3605643121648838
2776.776,0.6357992857611402,0.5450917877226196,1.0626946210648893,0.0028989163615293326,0.775554781732328,1.176061833910722,-0.07005912260884137,-0.009298520695180269,-0.017643286187432952,0.05189035590708237,-0.16735517612050874,-0.10191889948529731,-0.08544228560180572,-0.051130908672548575,0.43894949200128025,0.9394363527797427,2.572296339710678,-0.3519246908194713
2776.7999999999997,0.633969170197388,0.5448510534023469,1.0622726449768525,0.0024427004584422958,0.7706213639810692,1.1739434774768507,-0.07192179668987547,-0.009567233653261533,-0.02106648281488852,0.055216970615832306,-0.18285937051927492,-0.10717577003977209,-0.08329715945799546,-0.049931954170811435,0.43357078621709344,0.9375077831080882,2.5544341314423233,-0.3843333391507368
2776.824,0.6322011656677831,0.5445919750231383,1.0617370422063932,0.0019310913563007996,0.7656202927203258,1.1714518059140973,-0.08230166824855811,-0.012688572865684441,-0.018781387492196624,0.0585182365510198,-0.2058540122384988,-0.12254987511010237,-0.08234922536752733,-0.04994277563804446,0.43352404818810497,0.93563159102827,2.5771573784006665,-0.3992122741343333
2776.8559999999998,0.6297564710213008,0.5443402755793713,1.060908264231719,0.0011012541586519797,0.7587783692295345,1.167684141708536,-0.08872454687749934,-0.01279543447611148,-0.019758708024407396,0.059752682261441356,-0.21823326184095873,-0.12997638462145172,-0.08240507899272137,-0.04993036804669296,0.43749457274498893,0.921506482954169,2.592578890753764,-0.37303453241836976
2776.8959999999997,0.6261311497800726,0.5437668077073077,1.0600680827560764,7.583208696764314e-05,0.7489749822864027,1.1629684752650467,-0.0966196370092752,-0.013004210025582216,-0.02156883295229804,0.06848863811718375,-0.23335249028963423,-0.12815799365665653,-0.08068834143901596,-0.04906942701600555,0.432629367612063,0.925625377453644,2.57425605419362,-0.36838678235081973
2776.928,0.6229098387623808,0.5433242003937101,1.0593584179292586,-0.0010478498377532858,0.7403823054911007,1.1588539916238225,-0.105078636247075,-0.014722844292791304,-0.022923012957827137,0.06760497804118051,-0.25837472057419303,-0.1465366313712967,-0.08071491971810985,-0.04903706527722173,0.4365233435276629,0.9113737135459035,2.5890741536695283,-0.34073330746428504
2776.968,0.6187184401422525,0.5427956489023862,1.0583085099794678,-0.0024491851998120653,0.7292185314744126,1.153448438256264,-0.10378036174225598,-0.010086543161924257,-0.029576425089775413,0.0710792413501539,-0.2530152972058983,-0.14868878078922426,-0.07966582932087277,-0.048662264639674234,0.43639943181114776,0.8992404900364146,2.6026762426873593,-0.34283362641167536
2777.0,0.6160288544821363,0.542425583231074,1.0576969877092661,-0.003223219352851862,0.7220798119917458,1.1500772646813777,-0.11532180037696055,-0.016546254668517384,-0.026830125034613145,0.07737035559775551,-0.2836633283800075,-0.16573393236989725,-0.07768551328373258,-0.04781421104831522,0.4315391200867832,0.8997837218009364,2.5968364234983246,-0.34253733398899233
2777.0319999999997,0.611442496985148,0.5418929425459307,1.0564201679976377,-0.004735855817315553,0.7095455154234578,1.1438747584196371,-0.12044274538959983,-0.01665226786904498,-0.030383734283279812,0.08899392301504655,-0.29918232675340334,-0.1707953447598449,-0.0776778106124628,-0.04775479491997822,0.43535982690712816,0.8854355749452688,2.6124205231914015,-0.3123246925889185
2777.064,0.607503318226459,0.5413578557789771,1.0553963878010928,-0.005968341459750307,0.6988288759750872,1.1386961430387863,-0.12533354365354235,-0.015778977005908267,-0.03270277200177292,0.0860249783199688,-0.31281891621792796,-0.18382829078180807,-0.0761088707980369,-0.04665171122148461,0.43016181501809136,0.8822695634158745,2.614768526100338,-0.36067387929505557
2777.096,0.6033174138599878,0.5407719856098414,1.05437775120558,-0.00737075597533452,0.6875001609456909,1.13308661133744,-0.13469792162199984,-0.018662257934271956,-0.03174125799221947,0.09940626188924326,-0.32946323627208257,-0.18730161569940842,-0.07505390269686094,-0.046270880842241686,0.42990292090460935,0.8701907477881662,2.6281732113785137,-0.3631188151003885
2777.1279999999997,0.598870518592988,0.5401907249915086,1.0533034423746686,-0.008699000235455322,0.6756448365471005,1.127550594474093,-0.1364585948215915,-0.01876516969305236,-0.035603079108348326,0.09307981897813519,-0.34205643566288185,-0.20896778791462545,-0.07399187422302626,-0.045885012659746,0.4295875646102176,0.8581023336900743,2.641755239081655,-0.3656423076267313
2777.16,0.5943278074359365,0.5395159178400316,1.0522097337247684,-0.01009757057228579,0.663446916119999,1.1213456009428684,-0.14318473700475767,-0.018840750587047476,-0.03645305740471983,0.10174319646337752,-0.34818902940754026,-0.20399211665456338,-0.07338638956732006,-0.04500015607469439,0.431884800996913,0.8382139248885045,2.662753920517268,-0.3529758274319094
2777.2,0.5883352223947973,0.5387095329704746,1.050711585249084,-0.011899255161130197,0.6473597741409834,1.1132159139721371,-0.1494453200016932,-0.022375129334173478,-0.039830250425167794,0.11327153826781117,-0.3766561026893187,-0.22210210759808752,-0.07194676068044588,-0.04481557747186185,0.43004107355439447,0.8149599909732386,2.6572514256370194,-0.35093116843663175
2777.232,0.5833682921572229,0.5379927085309639,1.0494701495832814,-0.01329797394409258,0.6339329419508803,1.1065797735851135,-0.1548938889532607,-0.021308141856805303,-0.04133208944796032,0.1058310646822398,-0.39436130427893734,-0.23826016958828453,-0.07044724386906014,-0.04382003728394918,0.4268267662288112,0.8274119216194381,2.669847742242632,-0.35429328940519667
2777.2639999999997,0.5782400268772283,0.5372574283295247,1.048146955599959,-0.014971267354651194,0.6200252497634638,1.099461724260067,-0.15996697170893864,-0.02094149551079767,-0.04260697617373909,0.10935280547187431,-0.4015909376227751,-0.23863408142106893,-0.07068480317715521,-0.04330830811604103,0.4300434818834368,0.8014180901027889,2.70188180067142,-0.3222456918962717
2777.296,0.5728938999766497,0.5364721494827772,1.046814462885674,-0.016749186396394108,0.6055948088606138,1.0918140056796273,-0.1706624669617513,-0.022820163710628734,-0.042622879176012415,0.12156013508609566,-0.4204928899519259,-0.2414931952918365,-0.06834776902833332,-0.04260031014960768,0.42734084293424535,0.7770912359442829,2.690197080940045,-0.2834969801487898
2777.328,0.5672587348820448,0.5356724772760697,1.0454671691925201,-0.018440942676849467,0.5905078533928235,1.0842914651409141,-0.18101777595918003,-0.02630522859743249,-0.042763552881667596,0.12515803269496453,-0.4479502617141503,-0.2600453781639368,-0.0669745670789647,-0.042297654229208025,0.42622779995459936,0.7684696210125255,2.713564987898311,-0.3431377824883355
2777.3599999999997,0.5614847034690655,0.5348379154391778,1.0440409418747967,-0.020213168198071126,0.5749878798748606,1.076362374858992,-0.18391363352709517,-0.024401583781274494,-0.045680035517714684,0.12724190675689645,-0.4515506432496786,-0.26747084052459813,-0.06574847679369751,-0.04140021492310546,0.42474345095159177,0.75806172743165,2.7339984295250823,-0.3242190103901095
2777.392,0.555557578294525,0.5341139446906166,1.042511533282382,-0.02205155302147511,0.5592244972166232,1.0682809209739164,-0.1931381093691511,-0.025799135650318647,-0.04665485075160178,0.1364870563938849,-0.4766211908538119,-0.2712254131243621,-0.06550784586047714,-0.040823214278212665,0.4280169907303923,0.7336687453433571,2.7454070375972197,-0.2691794304267528
2777.424,0.5493793619948806,0.533277539501433,1.040935414919894,-0.023872316290386112,0.5426988076164648,1.059937108860995,-0.1910777762304198,-0.023470726569549242,-0.05022659033699218,0.13724825156776027,-0.47166232310688955,-0.27162547110700686,-0.0635649785231156,-0.040240143046099824,0.42418976845221995,0.7148185213959193,2.7472292290133424,-0.3059113849094261
2777.464,0.5416251970593616,0.5322792758731153,1.0390681691373258,-0.02621674730365723,0.5222609885915004,1.0493224044970297,-0.1936507141442307,-0.02597363314884958,-0.04802929454524944,0.13914407887462496,-0.47503722373563984,-0.2688668610421381,-0.06343467698691722,-0.039402490817592166,0.42318570743903844,0.6897787894346633,2.7668789466558943,-0.28926756228593475
2777.496,0.5354120392934436,0.5314201833935868,1.0375364524887818,-0.02800027007422352,0.5057054416873715,1.0408246079792638,-0.1889590298549648,-0.02664853244174537,-0.0496873787897658,0.13606003960896199,-0.4722761216342215,-0.2770143235140067,-0.06187665707949852,-0.038689781555931724,0.42135887679720885,0.6707326261428502,2.7770563320812736,-0.3353353209640485
2777.528,0.5291660998229586,0.5304696526776642,1.0360751825137715,-0.029825782938878505,0.4892400682029685,1.032026516337506,-0.18934639831116912,-0.024510788366823372,-0.04915114333333,0.13144229849725825,-0.4688191181024572,-0.27519735574562165,-0.061163868167218624,-0.03818526810738577,0.4219825674077199,0.6466219553387675,2.7784270063851464,-0.268856946482252
2777.56,0.5230873401798656,0.5295808318689139,1.0345561336610887,-0.03162517623882353,0.472915102436338,1.0234709050344428,-0.1939643837901068,-0.026091384540282456,-0.048174784465775,0.13657998239499317,-0.4829623188780539,-0.2835878005001064,-0.061308246655688695,-0.03789924342664098,0.42379962834603685,0.6300507446477425,2.8301142218348763,-0.25466036147156
2777.6,0.5153770518731838,0.5283269493571655,1.0326776692755644,-0.03375978086117316,0.45219016068668766,1.0124450499231794,-0.19268536674988457,-0.025955080582579473,-0.0478832756112112,0.13477460709698688,-0.47520303496448046,-0.27815075003428147,-0.06076038992752917,-0.03722895444823624,0.42302192894785023,0.6128503513395133,2.812138756853359,-0.2747418045919911
2777.624,0.5106509321715559,0.5275758166733872,1.0316071085167597,-0.035006060760542274,0.4397281014679278,1.0061263602599158,-0.19536351489461512,-0.02614564654502536,-0.04780696660042969,0.13534315790686705,-0.48250781301570284,-0.2829480362517109,-0.060473805386468675,-0.037141116737974184,0.4230523753296562,0.5852186129853617,2.8354045615669428,-0.25519495021294686
2777.6639999999998,0.5029434799346034,0.5266010167731194,1.0296304100529061,-0.03735088663134858,0.4194616070970848,0.9952419041554094,-0.18939114011902544,-0.020975428476371814,-0.04903819320490685,0.12211756309644917,-0.47046110649604445,-0.2866817135377311,-0.05934540057467383,-0.03669056014831136,0.42165476287395276,0.5742941330695587,2.856199395828316,-0.2623430052477253
2777.696,0.49681931278950986,0.5258729427401853,1.0280628542817294,-0.039237574971755326,0.40331695386648986,0.9865971260352405,-0.19252938518707272,-0.025188155543413495,-0.04911209924254407,0.13424416868353214,-0.4809707265360423,-0.2834975255477561,-0.058932783495239005,-0.03682492644278522,0.4183722831234207,0.5574761956020162,2.8672901134175324,-0.28419802447163944
2777.736,0.4889955840207817,0.5248353552532093,1.0262010339255405,-0.04164862043502462,0.38286115394884634,0.9753743674752793,-0.19146181337281457,-0.02445507499163191,-0.04887423830258314,0.1317089923356749,-0.478376757683334,-0.28565000366568155,-0.058167608945665,-0.036248496616360766,0.41967339821912314,0.5338030937619114,2.8833893676668914,-0.28933034052017437
2777.7599999999998,0.48429900669756143,0.524134891298356,1.0250260429393303,-0.0430104532195977,0.37035238251828395,0.9687843214820716,-0.18818096219769234,-0.024047386488550097,-0.05036777265910382,0.13314064273233717,-0.4737674840071724,-0.27703369009917106,-0.05754533649981258,-0.036156147980042776,0.4207574085363079,0.5080583559443795,2.8826698768664416,-0.2371188551116088
2777.7999999999997,0.47667114692770746,0.5230914003413252,1.0230970047644605,-0.045220922700783164,0.35026494720839485,0.9576628187971225,-0.19144209678631036,-0.028278156886192736,-0.04831011790109137,0.136411682209405,-0.48247945149872434,-0.2890182025811853,-0.05865488933390124,-0.03650995999763691,0.42087151213754287,0.4785878416765769,2.903042784398769,-0.24367606516721035
2777.832,0.4706234576680066,0.5222423874538906,1.021557115658703,-0.046919750136881565,0.3341604210926816,0.9487252889949457,-0.18962482380757434,-0.024478444387526877,-0.04869416515027006,0.1318514192412969,-0.4732160937851225,-0.27802473152868934,-0.05838092297412726,-0.036139035564338,0.4227089365263082,0.46275510364061595,2.940548876267718,-0.20145731501228226
2777.864,0.4644820185720578,0.5213710790996926,1.0200294613575132,-0.048737754521885605,0.3179896816724423,0.9397600367503381,-0.19278907273896018,-0.02528646344882697,-0.049041013710429134,0.13667245311818318,-0.47963398373045996,-0.27179844403451936,-0.05785692949012071,-0.03625901559373711,0.4187246147646633,0.4460870044890253,2.9453103433108163,-0.23193477177527652
2777.8959999999997,0.45836975271279506,0.520554993010912,1.0184628607060775,-0.0504768741056433,0.30188277339475866,0.9306140786367374,-0.18747751906713642,-0.02275430250422009,-0.04776413503900463,0.12961146203093263,-0.4651698246146704,-0.27307735416759593,-0.0573560392579252,-0.036614177778770976,0.4204285819432688,0.4180835598579845,2.9453842285421867,-0.1975594130648731
2777.9359999999997,0.45094007961489385,0.5195831136482776,1.0165902574353982,-0.052617739028660945,0.28243868870018446,0.9196292086472831,-0.18116707830160833,-0.02217507054459484,-0.04633296130223105,0.12749593781160373,-0.44967243918419014,-0.2537499123432315,-0.056953724706366865,-0.03721345223100488,0.41732721931540406,0.3991655979811855,2.945932752038492,-0.24864978300408605
2777.968,0.44511207218238796,0.5188187040864548,1.0151719847174172,-0.05421712915837073,0.2673921112041827,0.9111400777051346,-0.17329230496266543,-0.02219855945238007,-0.04578076745881661,0.12468131393849986,-0.43023139516423986,-0.24807606250077585,-0.05750365985517836,-0.03722212605412368,0.4221354675556299,0.3729735676235848,2.9455460193710383,-0.13988945628426228
2778.0,0.4395658278655145,0.518055033899054,1.0138114970515808,-0.05572495312100537,0.25291571972634963,0.9031043897314344,-0.16914544905898637,-0.0244083825325209,-0.04168038152853904,0.11744987473689557,-0.4207415495427488,-0.24819277955764846,-0.05720376622831989,-0.03796228973113335,0.4210903382185637,0.3512476632163758,2.975518153744427,-0.1873187526021303
2778.0319999999997,0.4343803357507588,0.5173980582690658,1.012430019076227,-0.05730373726861396,0.23921315866263057,0.8951768326422334,-0.16121744161978113,-0.02150944877283633,-0.041109257577960814,0.1087654275839486,-0.40540557961720064,-0.24553526458690078,-0.05763934856763789,-0.03863982056160265,0.42130286655122207,0.3258824260625466,2.9906752215655015,-0.18379012276148732
2778.064,0.4292140945331511,0.5166585596489861,1.0112078529712702,-0.05875769893444379,0.22582503886718883,0.8874304949940232,-0.15652978367231582,-0.02329084146578023,-0.040136486423197275,0.11427220772316882,-0.3963297738601762,-0.23382587389302897,-0.057623690788092576,-0.039431097696763014,0.4207196775766887,0.30880589400469827,2.999216564456655,-0.2327810295077677
2778.096,0.42423920456676284,0.515935682745873,1.0099758547189346,-0.06007463313105107,0.21274037125400416,0.8801329227414496,-0.15164186548082217,-0.02192010214818029,-0.03687105449435295,0.10849354523227017,-0.37423001652674065,-0.2155272728021469,-0.05791713373210265,-0.04018085542604811,0.42349686165366957,0.28561589713525143,2.9916169482104373,-0.17982183710407165
2778.1279999999997,0.4195341379814611,0.5152023378918157,1.008824029273677,-0.061358516178827927,0.20041018769221497,0.8729036720123698,-0.1468637380994337,-0.0212857477849756,-0.035026758742282,0.10144339256523169,-0.35911968539078953,-0.2127266233599858,-0.057639378129388984,-0.040479036713837395,0.42005172024837667,0.2747076218562969,3.018523096611698,-0.2603885478046394
2778.1679999999997,0.41399007944539906,0.514515876082868,1.0073809337735184,-0.06294087711804618,0.18590833622757097,0.8646259008183017,-0.1378367383845067,-0.017286594023335742,-0.0356547292102748,0.09362656078337166,-0.34475011581773884,-0.2032165956328138,-0.058298054748994625,-0.041733675069682785,0.4212061376600423,0.24519938439437888,3.056481127225304,-0.20501340477620714
2778.2,0.4097324906886805,0.5139628900374753,1.0062588674134376,-0.06418216993557717,0.17478787881074698,0.8580875594013581,-0.1347411121739982,-0.01935038005414222,-0.03214297442064778,0.09405758632883865,-0.3308401796339127,-0.1821638667143208,-0.05819882887531453,-0.04249423493097022,0.4222480305008321,0.23440592896991638,3.0166059594887527,-0.19307821470498443
2778.232,0.40557998019745256,0.5133937952331328,1.005292421090305,-0.06534130392860693,0.16422447094160764,0.8517971752120489,-0.12783389991638888,-0.018117317861576953,-0.03153296483903339,0.09196211115424792,-0.317495554047779,-0.178362791928665,-0.058488094701695255,-0.043237627267310105,0.4227611808763223,0.2037239009122444,3.0564903650454,-0.20210317976919498
2778.2639999999997,0.4014930224644241,0.5127767251915913,1.0043630776260268,-0.06634861120373163,0.15374055348271648,0.8460925456906934,-0.1214749125753215,-0.01817886529710697,-0.02904199222232726,0.08540173702942043,-0.30443572270028657,-0.17164053579069802,-0.058375823904390806,-0.04399193719081,0.42371953583626404,0.19344100045289267,3.0160201220845018,-0.19000140983922706
2778.296,0.39776426319220576,0.512325254183626,1.0034073297449055,-0.06749803499569425,0.1440965675143059,0.8405790434542152,-0.1115387423899301,-0.01418131594855338,-0.02792083419724403,0.07604684858948875,-0.2779043120879716,-0.15847720837638518,-0.059413875848942775,-0.044591640732564865,0.4231360362890054,-0.18568331460615858,-3.167800813943243,0.19462988584223123
2778.328,0.3942782574184234,0.5118460676250852,1.0025487572565,-0.06851339928990367,0.13511225637363067,0.835379516486994,-0.1038683726048533,-0.01410214649209179,-0.026789884666539823,0.07391141323726587,-0.26137355956334507,-0.16035056637288672,-0.05863071682202417,-0.04607388504345378,0.4239004107053622,0.16191947288720712,3.057488352483469,-0.19559697034317988
2778.3599999999997,0.39101565952780654,0.5114187305617237,1.001689351892368,-0.06943182868261,0.12652030622547059,0.8302778832921507,-0.10240251506541052,-0.015947211765096322,-0.025389582311726635,0.07706324688857905,-0.25351128175939125,-0.1441178306700489,-0.059373839392600325,-0.046811662703055125,0.42445197026198384,0.14113814588874507,3.0560703697219185,-0.19320687810620085
2778.4,0.3871767364564899,0.5108431720953511,1.0007445175716227,-0.07044790314844626,0.11646177320205123,0.8244646725572748,-0.09534031512394359,-0.015316721991507019,-0.02294319589512014,0.07070444136131712,-0.23684090692598997,-0.1362761235743439,-0.06032858878224928,-0.047514743435255136,0.42633562743633024,-0.13160121060725055,-3.151128874278283,0.1465145313665874
2778.432,0.38421838358557125,0.5103626247833091,1.0000881422938677,-0.07118075019247308,0.10896579640657293,0.8200521214662969,-0.08639515362895996,-0.013294679812454847,-0.02099235255895859,0.059763056028119974,-0.2119706231397601,-0.12628905417126096,-0.06035946560525906,-0.04829869300341161,0.42801329657427045,0.11941678783128555,3.0862063222214116,-0.11588223614827026
2778.464,0.381576204943681,0.5099480069211789,0.9994175614196267,-0.0718184600199676,0.10216192997292316,0.8160211512149583,-0.08057813106017492,-0.010699477271179566,-0.021038286853020956,0.05762036596885645,-0.20215535400652945,-0.11948506338052547,-0.05956328142128213,-0.04902436109040994,0.42737734642897635,0.11107534383222166,3.0814740211725584,-0.14533244457390276
2778.496,0.37907618144715693,0.5095673228933129,0.9987934491353853,-0.07242646573570632,0.09555131026976128,0.8120802207174568,-0.07392436850687516,-0.009910061017362781,-0.01874280124101655,0.05401150441536626,-0.18725295918849466,-0.11317321949418498,-0.060230695130522205,-0.0497846053730887,0.4253286268835886,0.0912608724885304,3.1293433072870327,-0.13407684883361312
2778.528,0.3767967530800385,0.5092671003916748,0.99820490664289,-0.07304705172162368,0.0896203676818305,0.8085455583628812,-0.06894032431107258,-0.009837998391082018,-0.01778209154278747,0.05101721202963922,-0.17420329668577483,-0.0957614679981981,-0.06026765318559732,-0.0505748535971097,0.42718928258327993,0.08067028796671387,3.092199755840909,-0.09913225855701682
2778.5679999999998,0.3743263658649386,0.5089038884758843,0.9975620653532705,-0.0737758898757466,0.083094311932429,0.804570449947193,-0.061784580040016426,-0.008190266733208154,-0.01544957544426939,0.04340206915133262,-0.15142887617572356,-0.08866941954129998,-0.060311161952609056,-0.05176578951300773,0.4293893682375473,0.07991277991678321,3.102568650232669,-0.16968531311739274
2778.6,0.3725139489337815,0.5087001265660087,0.9970718497952593,-0.07429900870825214,0.07845774896135765,0.8017771955325379,-0.05505353685212789,-0.006900718856328474,-0.014110237005457292,0.03728394184388339,-0.13334960240261745,-0.08386188490981722,-0.06105133777312235,-0.05266896011654101,0.4305963676425571,0.060677542109688544,3.1453768541237266,-0.08938421900462545
2778.632,0.3709068917791214,0.508510531858985,0.9966878109469033,-0.07474608770256488,0.0744650334534669,0.7992024703198652,-0.04650674651162968,-0.004883140116090001,-0.011904751596969382,0.03153101863733373,-0.11565544131473042,-0.06593722450786424,-0.060362958652205895,-0.052730211943420195,0.42920415263620193,0.04899431422621974,3.120660301626802,-0.05345087601304135
2778.6639999999998,0.3695088170590044,0.5083390071860677,0.9963181838653874,-0.07511663644811525,0.07084501578438211,0.7970533990063021,-0.04372434569390988,-0.006163810302354044,-0.010890816990715575,0.03237472142139234,-0.10790979273199357,-0.05765330000611437,-0.06043338850385736,-0.053655750262240176,0.4274552940369217,0.05284094013908038,3.1110072162302242,-0.17736467633452987
2778.7039999999997,0.3677171064583632,0.5080829637209137,0.99592199221877,-0.07559522906535249,0.06634072471539153,0.7944668057691089,-0.044149257470169734,-0.005567314844666329,-0.009551730624599498,0.02709338293442703,-0.10198521171527829,-0.06518169683594545,-0.060327603736989935,-0.054563575993596555,0.42959779561877454,0.036562100511346785,3.101763490290028,-0.16359052191135107
2778.736,0.36633668840708783,0.5079033624759559,0.9956611574705698,-0.07594466316554078,0.06323578565630215,0.7921419210722379,-0.04495129954464594,-0.004874378571066713,-0.007332281518732023,0.023610241399146154,-0.0945387159082895,-0.06750274002011065,-0.06024422236018222,-0.05456331622562115,0.42711201387597564,0.037091667293397926,3.148656116058347,-0.15344187338871815
2778.768,0.36487900841627724,0.5077971485965126,0.9954228419518033,-0.07640786419447246,0.060264852119031403,0.7898904197546935,-0.044858136940384506,-0.003271481949107151,-0.007298918305435349,0.01829443438096834,-0.08528772282339833,-0.0653808253413839,-0.06039058492298808,-0.055344358779723477,0.4312939843967489,0.04802990156168284,3.1323129141250594,-0.12801301072354712
2778.792,0.3638303104658816,0.507727147652968,0.9952527681950541,-0.07669288421605236,0.058394474799916406,0.7882757588492597,-0.044026050356573435,-0.002308871228144595,-0.006934694005556737,0.01669478767261688,-0.07710746015359907,-0.06188172821739689,-0.06105597057688075,-0.055468547612619136,0.4306714255138953,0.0165921297589692,3.1446189656148045,-0.08498815658705296
2778.832,0.36234343173600875,0.5076408394957984,0.9950834031590979,-0.07705056744957994,0.055884082085420464,0.7862224414760164,-0.04424180854857791,-0.0013435453199990247,-0.005754303215910835,0.014057345164960523,-0.06992803602613537,-0.062039156066691546,-0.06105597057688075,-0.055468547612619136,0.4306714255138953,0.0165921297589692,3.1446189656148045,-0.08498815658705296
2778.864,0.3606575871489252,0.5076473748959106,0.9948721581289726,-0.07769962820869113,0.05343804857821471,0.7833142339690846,-0.0412154778553827,0.00040786124464089996,-0.004639699455534663,0.0056914804679803355,-0.05993718392306552,-0.0770658579269133,-0.06163661885356973,-0.056392329618174114,0.4336271578897766,-0.011375100245932617,3.1742513721457235,-0.042704757090982516
2778.8959999999997,0.3593151658113537,0.5076712972153589,0.9947631348887875,-0.07815422984971013,0.051795603637023284,0.7808495587963307,-0.04233350195185123,0.0003521108483163874,-0.003317649510010747,0.004346160455437637,-0.05458161971777953,-0.0791363488141151,-0.06112483988971581,-0.056875345079507734,0.43326308694306404,0.01660266043110585,3.0919136491230717,-0.09045453763728874
2778.928,0.35792443318423,0.5076734750631988,0.9946733434271439,-0.07865036823445032,0.05026217579898104,0.7783395553486002,-0.04435318234373892,-5.887165557843741e-05,-0.0009126270770251768,-0.001432855957884362,-0.0448836399056615,-0.07278058131541623,-0.061044513108975955,-0.0568442025201619,0.4305250597741414,0.01629988254493843,3.14571213057323,-0.08241031508951416
2778.968,0.35611162474925945,0.5077103254946977,0.994620078026015,-0.0792714550332399,0.04862861882183839,0.7754700548214162,-0.045235452933612724,0.0021178834138986715,0.00036554115401499297,-0.004066479721245361,-0.04028928902250335,-0.07034351281970319,-0.060391480932616384,-0.05675476607463679,0.43142177254636344,0.004220493478347285,3.1303437169842763,-0.12478077752955719
2779.0,0.35469500125299575,0.507798508222215,0.9946233094344888,-0.07979367306917433,0.04760732574275057,0.7729653917298347,-0.041608158085958635,0.0030717160473071724,0.0004332815367020902,-0.006829418001851642,-0.03232267079110702,-0.08297786148575521,-0.060391480932616384,-0.05675476607463679,0.43142177254636344,0.004220493478347285,3.1303437169842763,-0.12478077752955719
2779.0319999999997,0.35363953437761697,0.5078348386580062,0.9946593677510148,-0.08011849266415384,0.04698695077390322,0.7709990486693592,-0.043698725759712106,0.0028445216577168714,0.0018712667078590133,-0.00960866751585537,-0.026762014575053197,-0.08220970381827324,-0.06053881929290421,-0.05732702869273652,0.4328795537947947,0.00023192001561319467,3.1204752374459863,-0.13410823547242137
2779.064,0.3518314923725693,0.5079847682517274,0.994718445204169,-0.08065162219467771,0.04629767354541091,0.7679220387266452,-0.0449535651942869,0.003973214219426167,0.002022089507934952,-0.010776382583300772,-0.021402654402899887,-0.07487733816860723,-0.06053881929290421,-0.05732702869273652,0.4328795537947947,0.00023192001561319467,3.1204752374459863,-0.13410823547242137
2779.096,0.3504086607825337,0.5081123836661263,0.9948518019260986,-0.0812034799775152,0.04614762969598686,0.7653565906288134,-0.04361795916085738,0.006042203461422432,0.004548368828185232,-0.01920393275046966,-0.010045252757072628,-0.0841399539837393,-0.060415841096535146,-0.05729666461338991,0.43017292324898443,-0.0005134092115973356,-3.1125573459199254,0.12398346284499531
2779.136,0.3486764650449148,0.5084180736267797,0.9950009259501048,-0.08197958456490537,0.04634904368534988,0.7618187974316766,-0.04697697995608047,0.006361542458972518,0.004052967296536079,-0.022097594302526252,-0.009428508343793636,-0.09813167916029535,-0.06036240996260737,-0.057402967250199805,0.43302319580171555,-0.006875392020406602,3.1474549329735315,-0.15336929528632623
2779.1679999999997,0.34705312753836903,0.5086730258829711,0.9950815218177429,-0.08269451377712113,0.046349483621998595,0.758683959941399,-0.05761463473900965,0.006544161692480609,0.0031768106595299306,-0.01853041993488873,-0.02006805235249926,-0.0980773403700337,-0.06036240996260737,-0.057402967250199805,0.43302319580171555,-0.006875392020406602,3.1474549329735315,-0.15336929528632623
2779.2,0.34509512216159477,0.5088445706581017,0.995231010719447,-0.08334007231618616,0.04611888673360011,0.7552334565611888,-0.06252385723694882,0.008463546963536078,0.004852551161420226,-0.02315281761791306,-0.015241927415467925,-0.11831079855276877,-0.05974495562810967,-0.057175887466803146,0.4308197955782962,-0.011994679601993076,3.15311853213245,-0.1692457153839336
2779.232,0.34301236668500196,0.5091218881657609,0.9953728997898263,-0.0841327237545793,0.046049478920112144,0.7511647757270653,-0.0704079795764953,0.0075441166839904745,0.005183416643674037,-0.019305872135162726,-0.0183287294883633,-0.12756694103169736,-0.05964942579188069,-0.05621296332249841,0.43186340159208414,-0.016186598746974395,3.174674462680446,-0.055914752625542456
2779.2639999999997,0.3406764806852892,0.5094403398781281,0.9955239948105263,-0.08506449595344107,0.04596888251156835,0.747136446983217,-0.07553375638675248,0.009820965020144621,0.005115162526255171,-0.02660489665190524,-0.016846850518309312,-0.13744680497999445,-0.05964942579188069,-0.05621296332249841,0.43186340159208414,-0.016186598746974395,3.174674462680446,-0.055914752625542456
2779.296,0.33812511724801225,0.5097536595875439,0.9957078606912925,-0.08601300995255885,0.04596378112408715,0.7425221770938535,-0.0805463241606206,0.011798939504308745,0.006133518377879378,-0.032548818822590024,-0.01582318924674045,-0.1563521408536682,-0.05940414711377894,-0.05626258112865549,0.43140337181878874,-0.022779105852137084,3.204341305555349,-0.08906864774994205
2779.328,0.33541437671074076,0.5101190578224238,0.995938502508846,-0.08703813607391166,0.04613444167156957,0.7374803276282897,-0.0893218223577481,0.009152374428350091,0.007745966444238583,-0.03188850230014562,-0.020756472831114228,-0.1679455894045316,-0.05882461219595649,-0.05596857831882713,0.4301608505942235,0.006051370318992647,-3.0838494782960195,0.1469689611520011
2779.368,0.3316572629791717,0.51063906623906,0.9962170210931697,-0.0885008932476016,0.04598004519383549,0.7306255625555625,-0.09403814127174931,0.01418473891942477,0.006242463305278898,-0.03442726698046066,-0.019932638189024424,-0.1717948287725353,-0.05900805758895387,-0.05529230543074766,0.43156975064125364,0.030593126047863843,-3.0873285557325665,0.10261525276009904
2779.392,0.32927739729924915,0.5109847619342937,0.9963677131388243,-0.08935787518799838,0.04593290218739528,0.7263323554102554,-0.09988082407492968,0.01222590861624084,0.007034738174111,-0.033921810270728096,-0.023763919268267014,-0.19134229349199577,-0.058032064009712815,-0.054882994414963096,0.4315500792328076,-0.0226330851262099,3.2050629744694263,-0.09226102648287428
2779.432,0.3250421960705899,0.5114667076121688,0.9967194701789197,-0.09092087865035686,0.04582409924371958,0.7185218138528363,-0.10517257628296472,0.014791308867200807,0.008937275227200846,-0.042999937663712316,-0.021311786372590038,-0.20577881247224553,-0.058082180314045335,-0.054642817230982105,0.4312981574831879,0.015118745003844625,-3.05761053868103,0.12883300114913618
2779.464,0.32165413335257637,0.5118863323145841,0.9969929603793528,-0.0923440037908232,0.04601483291526376,0.7115882007612316,-0.11414745540330296,0.014687346757237851,0.008786405306470773,-0.042518445888180455,-0.026583022632926386,-0.20733260104050288,-0.05759779279350029,-0.05462813618594827,0.43324288403120315,-0.006975296362373754,3.148709171935476,-0.16100963459301434
2779.496,0.3178687121608477,0.5123656220923827,0.9973088238871725,-0.09386166965394727,0.04588147776335807,0.7045462451412455,-0.12047357785527794,0.015484374672002007,0.010095904517292397,-0.04619894527550865,-0.02880281706844147,-0.22313106753953987,-0.05745827001492834,-0.05411465137395964,0.4344768542385472,0.03546097090784384,-3.0588521958754087,0.06931907025114088
2779.528,0.31388800208112494,0.5128927430484574,0.9976055209916345,-0.09536773078276772,0.04578177927257852,0.6971679906956886,-0.12599726641760647,0.017299174007502357,0.010386148289895036,-0.04881306462053712,-0.027622422569242498,-0.24188711530592863,-0.056711161272711474,-0.05326382409545271,0.4314349496304561,0.015013067042796247,-3.056292967641128,0.13212205064012475
2779.5679999999998,0.30858181165944376,0.513550365017937,0.9980895950084704,-0.09744155363127052,0.045822469979551236,0.6874723992101544,-0.13709035684346263,0.014542320067482,0.01163243329141448,-0.04767578258676192,-0.03434119086608806,-0.2563545900832721,-0.05644337723044558,-0.053284545817299675,0.43099840261966965,0.021079408885915283,-3.0290045974868876,0.15362547816062505
2779.6,0.30410564518989247,0.5141651656213331,0.998430237220526,-0.09906299080657105,0.045674919559521944,0.6793787887157409,-0.14058173024485593,0.015993241129721635,0.010822892118350231,-0.049214119417850546,-0.03646096595841063,-0.27505500611541267,-0.055799393508328105,-0.05276147742786609,0.4340590200734461,0.04084392924629299,-3.02923385553999,0.10160004093054285
2779.632,0.29939356275262613,0.514689313071069,0.9988159906199293,-0.10071608985806045,0.04545668888286654,0.6706870884809534,-0.14613542146302422,0.017193697445192214,0.012482501437781473,-0.05353510517388573,-0.033341139876032794,-0.28561346277014044,-0.05526722372140611,-0.05250370463712418,0.4332578634955883,0.0256594850793152,-3.0403665456247255,0.15627839094564427
2779.6639999999998,0.29464232944615815,0.5152935709723424,0.9991996243387495,-0.10263201881085715,0.045656027735185394,0.6615423218847446,-0.15395314913681493,0.01702979787381156,0.012775964124398949,-0.05304871694444783,-0.036963492247484284,-0.29625967082123794,-0.05476676910138548,-0.05197079038633668,0.4360131832167316,-0.027317517122593563,3.2082575042144166,-0.11964455107131829
2779.7039999999997,0.2883336889768545,0.5160124219762979,0.9996997631857056,-0.10487252106305993,0.0454158316123774,0.6495369617818825,-0.1614685281297646,0.022244141260473596,0.012782447872002275,-0.06306035018844978,-0.03513988827732849,-0.2931022121216772,-0.054463742915599835,-0.051145625136170464,0.4341087758775015,0.033853280815640596,-3.014496786926082,0.1433491136061382
2779.736,0.282905156556818,0.5166778014433328,1.000155272810122,-0.10695427766475259,0.04529144421462963,0.6397486493410397,-0.16636307598822653,0.02448267062133543,0.014613612824793079,-0.06964352667370996,-0.03152175542174037,-0.3014069668393087,-0.05374924585730423,-0.05068076489544367,0.43433626852570123,0.019281584166488255,-3.0259729021974793,0.10553052166350635
2779.768,0.2774300703483252,0.5174950353103085,1.0005612774243864,-0.10912433913186195,0.04533764175768499,0.6296298316107959,-0.17355740364340483,0.022748388709796147,0.014033834499287936,-0.06495064878275456,-0.039585790834411105,-0.3151254055850549,-0.053277288395561666,-0.05034578797475144,0.4364252119539952,0.03869597874107049,-3.025212983879002,0.14411408471911025
2779.7999999999997,0.2717964693464589,0.5182354540949826,1.001026725093459,-0.11132852811618645,0.04528734758151652,0.6187562435929531,-0.18243395211314484,0.01900466212336012,0.014804051511442729,-0.06406812009937189,-0.046560277391030996,-0.3403436786181003,-0.05248419308591133,-0.04982192390511788,0.43857419482429416,0.045098996057658575,-3.0245114503896886,0.12990830628023903
2779.832,0.2659284869398924,0.5189757610283621,1.0015313156089265,-0.11358905849732225,0.045365424732078885,0.6076826266843521,-0.1898865609496126,0.021689417268195704,0.015424916722684288,-0.06441270744522758,-0.0481570173745152,-0.35157548440544306,-0.05147820683876021,-0.04896726953815335,0.4348919374470929,0.03130001638623898,-2.993538520993205,0.20562002879388758
2779.864,0.25969155880847083,0.5197092265868322,1.0020504408164073,-0.11573603305624611,0.04510922525788106,0.5966240207527445,-0.19466348889563728,0.02375478130253927,0.01586478555555231,-0.06891019441891276,-0.044387956085923434,-0.3504987336487698,-0.05147447412178996,-0.04829409174945025,0.43681780348105553,0.030720409432216118,-2.9731966700764776,0.15663512004995434
2779.8959999999997,0.2532590543746858,0.5204736420003432,1.0025621960230418,-0.11811120202406221,0.04488346904735924,0.5846040727784565,-0.19770412725475006,0.024452264273578023,0.016104491699069114,-0.07543698400223196,-0.04215026767326213,-0.36193206495310787,-0.050227920707517644,-0.04713389619812017,0.43644504691651254,0.04982774401991219,-2.9332989489062067,0.14080295503263493
2779.928,0.24694751493830366,0.5211712628620001,1.0031053186372973,-0.12041219038372081,0.044717811822532316,0.5725586255343932,-0.19686830801005029,0.025190004130342416,0.015017171560189911,-0.07130469328337312,-0.04856466439864442,-0.3716753193400701,-0.04945306401629315,-0.04693824227518926,0.44122802366424624,0.041774700538578104,-2.980446693451973,0.14682168268815957
2779.968,0.23907604378798217,0.5221908241513138,1.0037417038856757,-0.12338161280713571,0.044716934846345,0.5579580720562597,-0.19632177563836223,0.025629160235292766,0.016272321600161843,-0.07703856868856229,-0.041526514679625176,-0.36509187300909013,-0.04914099077683252,-0.046947352615659556,0.44056426361103324,0.04728414718652509,-2.954730758557906,0.16994827464217946
2779.9919999999997,0.2343524440271832,0.5228835538417274,1.0040905685428074,-0.12523832059805026,0.04480276075633848,0.5490884070159213,-0.19706430503072817,0.025585627006146718,0.015586887234612847,-0.07102776869434849,-0.04653297043343462,-0.3680082750308134,-0.048522135744584236,-0.045626905861402535,0.43873126637030374,0.04598549671601617,-2.896968006957108,0.15443605763031262
2780.0319999999997,0.22645114922700313,0.5238386619631995,1.0047558955906768,-0.12803644609255177,0.044637180504082295,0.5345967335156548,-0.20040059502700253,0.02300839135307136,0.015723175651205477,-0.06748207859330395,-0.047674738116854735,-0.35771005603658096,-0.04743572258877263,-0.04543200722217118,0.4430265611248205,0.043691493047257314,-2.917192710285008,0.18180380547095376
2780.064,0.22014122698401037,0.5246181104782773,1.0052773903592758,-0.13039559412465723,0.04462119719810458,0.5228503236293482,-0.19870345347258442,0.02464635229974769,0.015628367606447396,-0.06959945202816327,-0.04766463463949731,-0.36913795091092916,-0.0461169560632881,-0.044236978986203726,0.4422346468771171,0.06199350495158204,-2.8775237779007887,0.17012880473162845
2780.096,0.21373760379360515,0.525446982639096,1.0057524583839585,-0.1326960400322156,0.0444891421325844,0.5111693176003371,-0.19842756993041252,0.026217760646919483,0.015488954579750927,-0.0754437663840169,-0.04543016057369713,-0.3598189961136703,-0.045649691868904226,-0.04412556015345341,0.4451931817916253,0.0463643012435014,-2.8883221654007625,0.16219001269780872
2780.1279999999997,0.2074114950987442,0.5262285206140639,1.0062672625344549,-0.13498655584655084,0.044482948474240606,0.4995704688431136,-0.19799623056363572,0.025513370617069483,0.01592399584732012,-0.07727706727407876,-0.043524066004052904,-0.3667360343445973,-0.04443413365600715,-0.04329241157548423,0.44803932135909086,0.05157404511635397,-2.898772006904278,0.15721729915770982
2780.1679999999997,0.1995525029849604,0.5272079690014094,1.0068803569258091,-0.13776378784919008,0.04437045843325338,0.4844544477359159,-0.19620178246822512,0.028145333084678644,0.014710188650258402,-0.07334808649216404,-0.045759339427287764,-0.35805583085512827,-0.04356287993913476,-0.04247194770156582,0.4498154391790952,0.05076846228877608,-2.8845161228142104,0.18979176771839132
2780.2,0.19309242523478182,0.5280872488500432,1.0073228997870105,-0.14005585925051192,0.044219581222900886,0.4727999447823277,-0.1986144863468657,0.025578787260768274,0.014607163026145316,-0.07335382398368077,-0.049727797996778025,-0.3652622006748953,-0.04312519168138184,-0.04185657716321663,0.447444346235322,0.0630401575723071,-2.8531745317306285,0.1789503619620041
2780.232,0.18680901690199428,0.5288258069253707,1.0078176867267645,-0.1423896217830261,0.04399679339611546,0.4608600394291581,-0.19511191972975883,0.02817169504501744,0.01435756209827787,-0.07332363962895053,-0.04217071569220948,-0.35489227997752887,-0.04135711847604269,-0.041121562415531825,0.451111017183161,0.05825450023742137,-2.8335751927719453,0.19185806436279354
2780.2639999999997,0.1806833104247137,0.5296787798562504,1.0082957848220528,-0.14481990139491022,0.043960546724384174,0.4487893249930044,-0.1941255800574421,0.027901600529007087,0.01446486681308153,-0.07439721514035245,-0.03890232568548074,-0.3607789161978741,-0.04011064092023491,-0.04026891597885443,0.4541273356862561,0.06360961870627489,-2.843757574603914,0.18691580463417246
2780.304,0.17301561510432828,0.5308309800321857,1.0088529414979943,-0.14788340810304568,0.04395965259637977,0.4345958699541832,-0.1870039144999676,0.02809792967403514,0.014204249748433175,-0.08062113478458968,-0.03818531792097339,-0.332925092955361,-0.03945216617225879,-0.039753509885920774,0.45290327401550595,0.06006390901234794,-2.804584979549418,0.17727088051564283
2780.328,0.16857880028848818,0.5313315076363734,1.0092488452011146,-0.14947482942446388,0.043877322893451184,0.4263536942928526,-0.1852235216704875,0.021379608334085125,0.01457904668630771,-0.06385460358226548,-0.042849268031553346,-0.3286013507869188,-0.038194918068882824,-0.0388889501367265,0.4559796746625804,0.06541859718080915,-2.8142379215567654,0.1710308016837423
2780.3599999999997,0.16296474752592155,0.5321298305251466,1.0096155738635781,-0.15157107099256306,0.04384737242057504,0.4155626890199794,-0.17593195899520966,0.025054800134527044,0.012831835112707411,-0.06550104849602817,-0.0351139395838236,-0.326854571056149,-0.036808555024361755,-0.03741577815171752,0.4550711250569471,0.07617584673163177,-2.771746588237239,0.1945158313929999
2780.4,0.15598336626339018,0.5331592589179684,1.0101119952097604,-0.15421250120068292,0.04382762006076935,0.4031120332479864,-0.1698029737465104,0.024283157422163453,0.013428587792230893,-0.06735765889766887,-0.03378642496720857,-0.29883405152237197,-0.03652243990451314,-0.03722775041889048,0.4628986347147418,0.06550757318646491,-2.8067706864959825,0.17861721659607124
2780.432,0.15069946863660416,0.5337036669844795,1.0105857137560583,-0.15604725396513427,0.043680850609741445,0.39327781037544973,-0.1645456798334313,0.01760830041525412,0.013074399175804746,-0.0546881633410737,-0.03965560001607723,-0.2974780781702941,-0.03435838654170078,-0.03710035198518286,0.4646227987208082,0.08081901671280964,-2.812880401365925,0.2110183624151271
2780.464,0.14562428340221534,0.5343437982510996,1.010966255739946,-0.15774637550828746,0.04362136055431487,0.3836809434097348,-0.1568883375106845,0.018770675456283904,0.012669481670483942,-0.052659342697107286,-0.039245387918017176,-0.2939820333545075,-0.03363834234500017,-0.03573267657502293,0.4619277014514264,0.07674007924745448,-2.7610509442533777,0.20228261744800227
2780.496,0.14067348981356725,0.5350622811933661,1.011317268080811,-0.15957486576879307,0.04348196422218498,0.37470558373912727,-0.14985047847928695,0.02057077645300064,0.011851649663040243,-0.058331845242558036,-0.03377188181583689,-0.28274507094441714,-0.03297290465774529,-0.03496799521091343,0.4610971276265534,0.06633128839213426,-2.7210254462953745,0.22168073757615828
2780.528,0.13592346946463194,0.5356192432839799,1.011732063972982,-0.16121627226947416,0.043403215198616445,0.36604054254186535,-0.143065976677168,0.017182461440434598,0.013261930695274647,-0.0561594848074542,-0.031804203387761645,-0.27446315688375694,-0.030739704487424926,-0.03423144422664232,0.4608557880220079,0.0876858275841643,-2.7174705204016267,0.22454485420546996
2780.5679999999998,0.130429650594735,0.5362628357758881,1.0122244715884812,-0.1632224505896415,0.04336398615410022,0.3553718538479911,-0.136027070352691,0.015660238920632324,0.011456415771767058,-0.04691596868340605,-0.0305848537453756,-0.24740814990897467,-0.030370512661505672,-0.03399852464434488,0.4689719794082182,0.07733235271018975,-2.7501582058428093,0.21011799736484935
2780.592,0.12722550643526961,0.5366817019003323,1.0124379545713147,-0.16427846349842226,0.043244425456902526,0.3492148162644291,-0.1337931804921518,0.013950723355788237,0.011633664961509516,-0.04298670678967878,-0.03230099754627805,-0.24260499547460093,-0.028919219283812622,-0.033966932640547176,0.46774842211973383,0.08899306981513072,-2.7088858045813318,0.22859614829659347
2780.632,0.12201556273263794,0.537245678346717,1.0128669698246786,-0.16587566785714195,0.04304922985556756,0.3399028019450808,-0.12427960121227588,0.013697843470002712,0.010468690904045376,-0.04397881399519062,-0.02822466657276136,-0.21950873350104255,-0.027799276970020062,-0.03248500232555403,0.46865770114537136,0.0832422426971762,-2.7252954040052044,0.21662840561873728
2780.6639999999998,0.11819121185204176,0.5377367672212675,1.013168065785393,-0.16722691747465523,0.0430469881068699,0.3327795807599546,-0.11508420490529937,0.01470909979290975,0.0096071928779386,-0.04479270726926524,-0.02432136091765678,-0.21415527280059699,-0.026436952149716218,-0.03253651715216954,0.4697856292246214,0.08385681388074925,-2.699150054676635,0.21371633648686023
2780.696,0.11464603001806468,0.538174696343744,1.013494604311227,-0.16859462176651227,0.04304757062371904,0.32600940407417334,-0.1093851818379216,0.014686600512749252,0.009144247202492134,-0.04474494174782213,-0.022079008378292644,-0.20855491771784193,-0.025531187756533753,-0.03218079664964439,0.4749316479885175,0.08972565239812844,-2.697241645276757,0.23642939113334868
2780.728,0.11124932983054779,0.5386586793166839,1.0137624706135104,-0.16994073670616383,0.04306726013097479,0.3194405792121996,-0.10353055141704223,0.013449079559475505,0.009681449025397037,-0.03975818834640661,-0.024893355986563632,-0.19436201571122527,-0.024855258985307598,-0.03161165315941708,0.4740280003112443,0.09675197886247236,-2.663797570357261,0.19700284730012943
2780.7599999999998,0.107997772539098,0.5391492702573848,1.0140110474204342,-0.1711205178052712,0.04306802158286116,0.3137275316795645,-0.09683206394610892,0.013928124225247569,0.007360506891320774,-0.03697353453141222,-0.02312201273532296,-0.17932210017925718,-0.023637982947313427,-0.030811195972408542,0.47257143586426364,0.0798953907379913,-2.6667612797680436,0.21640178937469823
2780.7999999999997,0.1042081379532595,0.539645637794527,1.014304155178274,-0.17245082246003338,0.042866504220490174,0.30687538514019636,-0.08823989173821983,0.010151691615295772,0.008655328362162573,-0.033044046755582826,-0.021160211747509813,-0.16241486932048707,-0.021885422329260818,-0.030701443920283684,0.47651175209227437,0.09084945840709283,-2.666251772830183,0.22487001561493747
2780.832,0.10142514298199409,0.5399273727306951,1.0145557895625323,-0.1732450893387967,0.04276069241174322,0.3016540927411394,-0.08154359219642292,0.01106464509109962,0.005860773809008761,-0.029607507630093847,-0.01905270257430705,-0.1567696250107204,-0.021601080568399038,-0.029884606785116178,0.47731615779166875,0.0866424047271053,-2.649585426594857,0.19625776468178735
2780.864,0.09892343513430363,0.5402468266609468,1.014753868347828,-0.17414636541579726,0.04273634713298495,0.29690992436707886,-0.07797964675690212,0.006484489992912043,0.00740314552943709,-0.02553583370602541,-0.01979753756725458,-0.14866058685409564,-0.02086780860118564,-0.029721297532577542,0.4794447262479371,0.10251462141340463,-2.6565561723778486,0.22300694230399318
2780.904,0.09602320575309843,0.5406293911841447,1.0149922501172024,-0.17521138330172506,0.04277479782609467,0.2913912771321209,-0.06913899810598996,0.007707529278044291,0.005215721673287718,-0.026508985793662294,-0.01625451794054274,-0.12512124084893217,-0.019815131616938115,-0.029767571975532123,0.48135715142108065,0.09770740754540212,-2.6489835888740023,0.20436093001883
2780.9359999999997,0.0938538717647359,0.5408169149255203,1.0152041949801929,-0.175885871941188,0.0426237768211695,0.28745141015317893,-0.062248585592773985,0.007396333884410474,0.00544595690588743,-0.022891051539137394,-0.016221370471953545,-0.12449986261237755,-0.018644409078850743,-0.029277022355894126,0.48298327541283886,0.06932303112176635,-2.6563898697748765,0.27395635565913046
2780.968,0.09195321456418201,0.5410970205814793,1.0153672818417026,-0.17664586212891575,0.04269834129390164,0.2840404228903709,-0.05863777547025121,0.002843802519060933,0.006398921473974535,-0.018984331255932938,-0.011649848493539052,-0.09915597377017675,-0.017942513306474728,-0.028984358150894562,0.4811902463663134,0.08188238413882166,-2.626715729893707,0.21070359225408242
2781.0,0.09024406896521635,0.5413724253214935,1.0154977793116713,-0.17740560600789262,0.042790179782390525,0.280956833211956,-0.048226256940328525,0.006145319973604348,0.004821719673947834,-0.01965448033292738,-0.01055750353912666,-0.10266275245093973,-0.01718875876958302,-0.02881014197049421,0.48332711708027276,0.09792144589134374,-2.6330928983677926,0.2367368444071338
2781.0319999999997,0.08876051958635792,0.5415430385676222,1.0156425899890278,-0.17793332934157627,0.04278337779901006,0.2780497924680807,-0.04269475126488046,0.005297840357414266,0.003226598748427845,-0.015697927378438344,-0.00974023078709389,-0.08011238905278953,-0.016503324738050596,-0.028604050265174548,0.48728551434250367,0.08194035828799762,-2.6427628450172933,0.22812710414074136
2781.0719999999997,0.08715672475919163,0.541733243521809,1.0157640605292857,-0.1784444675485118,0.04273958474295425,0.2752717190583111,-0.0348808221271178,0.0031558828109015764,0.0035295344752503633,-0.010514739804270671,-0.011194573986316094,-0.07226387554372224,-0.01563192269949672,-0.027957902919054697,0.4819682273390571,0.09804025351566042,-2.6215310864571006,0.23723026621380683
2781.096,0.08636811070633336,0.5417836380896313,1.0158298821444416,-0.17864761618088604,0.04259685484780934,0.27365824356372614,-0.03267540943195639,0.003420888649295817,0.0019586695637807214,-0.007649584233308639,-0.01317575416313751,-0.058477696905599306,-0.015352783590336124,-0.027727808788883868,0.4853540876535811,0.08816122806972038,-2.6134063554778444,0.2333695057668009
2781.136,0.08548290443316563,0.5419328010758883,1.0158801383810276,-0.17897027785413672,0.04253361277426605,0.27183882282804045,-0.024579357879414156,0.0009518833833113287,0.0016946743430431002,-0.0038333824206804117,-0.008471310882960138,-0.051833647822699405,-0.014194932852351218,-0.02746743190885212,0.48243737291149263,0.08250005685497244,-2.5957267094699477,0.2022456587704374
2781.1679999999997,0.08465758708875028,0.5420387285820873,1.0159079669220181,-0.1791977440984699,0.042346996446071504,0.2702988527303543,-0.01661928043230057,0.0024535520991307127,0.0011530290041435332,-0.006984884826640364,-0.005552305052479158,-0.02891340244939496,-0.014148961185176685,-0.027824279753402494,0.48686702323852427,0.10410330151935006,-2.6387461540177597,0.2306900489776886
2781.2,0.08423194571706114,0.5420510312552784,1.0159544254412336,-0.1793486773663067,0.04224120516055501,0.26948408279019403,-0.009432923582832802,0.0008193418529337815,0.0008460815953760534,-0.004044330362842778,-0.0030639842397187323,-0.01887518559976079,-0.013427452639966619,-0.02729054154456122,0.4847219641702341,0.09862894056985745,-2.6022416090812728,0.22713266147984584
2781.232,0.08402496540262393,0.5420619218746533,1.0159406273618947,-0.17927443107344276,0.04212928459488486,0.26907020839660645,-0.004163391195723198,-0.0003238346951175381,0.000248967258174909,0.0008058957928183828,-0.0015385764572464157,-0.006405264925231081,-0.013427452639966619,-0.02729054154456122,0.4847219641702341,0.09862894056985745,-2.6022416090812728,0.22713266147984584
2781.2639999999997,0.08405693866876024,0.5420968936367592,1.0159238206734125,-0.1793250794584914,0.042156921768746074,0.2689518188735529,0.00015418659558718,-0.0005815192692293632,0.00015941713097867305,0.0008040000862293749,0.000993534289684046,-0.0001957736389331206,-0.01302385308962395,-0.027900050811468263,0.4877924353715064,0.08727762022784125,-2.6273290075881603,0.24600192017063485
2781.296,0.08404755171966713,0.5420235036632228,1.0159624345756153,-0.17926485327621727,0.04211796062230472,0.26887827059270025,0.00017669226251763,-0.0004125694040709275,0.0001170260224773086,0.0004612610732730243,0.0005992461865856498,0.0004743685616365067,-0.012678193699177203,-0.027860230350076964,0.4880189318178321,0.10437407484806123,-2.613057477219396,0.22634484015397788
2781.328,0.08406421968151435,0.5420966501111593,1.01592943116382,-0.1792747964846415,0.042208584129379875,0.2689335813683095,6.517747528852723e-05,-0.0002987064371037901,8.916397582359292e-05,0.00017495909136833185,1.6979493589337674e-05,0.000176460360857684,-0.013051502429424332,-0.02786547021706556,0.48884520975917056,0.09908154450759553,-2.631149017456321,0.2117484513225829
