3466.4559999999997,0.6482371226379434,0.5467510245672911,1.0657358762281122,0.006885387638439501,0.8090803266682505,1.1917405112693762,-0.01743791644254814,-0.00273562365417547,-0.005773953983519744,0.012507689513953117,-0.046524914427498947,-0.028846294177629694,-0.08981380574273315,-0.04636376577576175,0.4493745491724845,1.516642860367014,-2.8334470247428625,-0.8883309111607367
3466.488,0.6474569743803427,0.5466373901937761,1.0656025042637178,0.006587961335290242,0.8070666005889984,1.1909020896994091,-0.022903457662613532,-0.0018090525004004357,-0.008369729451542839,0.015969357112995505,-0.06120191527494435,-0.03759683047824402,-0.08981380574273315,-0.04636376577576175,0.4493745491724845,1.516642860367014,-2.8334470247428625,-0.8883309111607367
3466.52,0.6465631101131032,0.5465362721154345,1.0653594736377978,0.006308493948301552,0.8046940153635035,1.1897371234635647,-0.030859643832804658,-0.004879140665511452,-0.007492230810244573,0.021876869027034854,-0.07469426593658773,-0.047002929780669965,-0.08777536558872494,-0.04512814862922293,0.44081071680269396,-1.3540031206071328,2.595731191081439,0.8075011218539138
3466.544,0.6457213138677612,0.5464150691538696,1.065178358756935,0.006018262848457614,0.8023869906649497,1.188630114065956,-0.03638304082828938,-0.005907833734394164,-0.008181165230806487,0.025227568216787146,-0.08985460837688661,-0.05026477708084007,-0.08777536558872494,-0.04512814862922293,0.44081071680269396,-1.3540031206071328,2.595731191081439,0.8075011218539138
3466.576,0.6444564508822033,0.5461783055264074,1.0648940211362679,0.005619818465422075,0.7989213524571838,1.187169128251883,-0.03827887333793955,-0.005027405147784637,-0.012946187937198794,0.029785253366026807,-0.09983070600047492,-0.06010898697619974,-0.08934432331930506,-0.046361329091315774,0.45332190610145406,-1.2295093550357883,2.591068119963199,-0.7141215204788427
3466.6,0.6433214574839993,0.5459880950362032,1.0646977262729502,0.005292359484433075,0.79594357780708,1.1858972929559837,-0.045052981389355526,-0.005802809871124866,-0.012504741229776451,0.03479579959854937,-0.11161792810876105,-0.06343900208225133,-0.08686538562921613,-0.04562788271548506,0.4423892073519651,-1.242835327038219,2.6978211327175927,-0.753257863277277
3466.624,0.6421800171046406,0.54582559266572,1.0643804869773745,0.004953612864112002,0.7927593738565027,1.1844101267075215,-0.05301887398295375,-0.006186129866454197,-0.012313521721935967,0.03839060601289684,-0.125875098235857,-0.06769610469881518,-0.08871127667422828,-0.0464065359571766,0.4537921660775439,1.3811163432753963,-2.9055395282763796,0.792925954972914
3466.6479999999997,0.6408989861581602,0.5457047983195829,1.0640338857220626,0.004581001391196577,0.7893094117487064,1.1827856761724498,-0.057509295772514006,-0.006427555887119152,-0.014211999584136286,0.0376750117253211,-0.14081792532564089,-0.08123470592236051,-0.08871127667422828,-0.0464065359571766,0.4537921660775439,1.3811163432753963,-2.9055395282763796,0.792925954972914
3466.68,0.638961916659937,0.5455161219571661,1.0635596870514243,0.003822346180619043,0.7842433627001815,1.180301444990821,-0.06126260851964387,-0.006428815155723703,-0.01654345600904927,0.03937434712842263,-0.1509086315605689,-0.08928669454482195,-0.08763341062681276,-0.04507655522145339,0.4474915448948817,-1.3886075915814016,2.4837237815154203,0.7709403660293641
3466.712,0.6368942444207343,0.5452539817638768,1.0629961909751624,0.003175086941031268,0.7785667625906418,1.177494154975563,-0.06742570992600544,-0.008444982184264822,-0.01847097038472863,0.051304268395953805,-0.17196754331892553,-0.09887057860213468,-0.08570653933418926,-0.044645005065738326,0.4434295098000726,-1.2648679444986795,2.38803677849954,0.6961906707748021
3466.7439999999997,0.634651798904019,0.5449023762442025,1.0624232599176575,0.0026810862350159885,0.7723719542862167,1.174633992966288,-0.07503712638766698,-0.01118521228823295,-0.01794205368369178,0.05496606354685113,-0.18422831057549305,-0.10639965319810048,-0.08617580359232112,-0.04505838117686768,0.44739663185565376,-1.3883922116835088,2.485328456886931,0.7742694955803981
3466.776,0.6323153569473793,0.544642647591788,1.0616819815170424,0.001990411324332004,0.7658489527153108,1.1714559836890375,-0.08063671275017892,-0.012277820795247762,-0.019864124893229543,0.0575966401860184,-0.20373227355322343,-0.12363427021018174,-0.08298444877340556,-0.04304400760201243,0.434490159909873,-1.3334810779230801,2.518413743426524,0.766976816499278
3466.816,0.6291566934300583,0.5442993111839454,1.0606733918285252,0.0009158508729904399,0.7570929927887783,1.1667487343465945,-0.08840525214839452,-0.011531074458748165,-0.021890520517429804,0.06037084900755006,-0.21833148488944623,-0.12851117287921843,-0.08560650681297226,-0.04482151567650721,0.45207382358047743,-1.363972859333088,2.546220861455771,0.6221163008911262
3466.848,0.6262088227213174,0.5438708744471954,1.0599944353829063,1.4196082693128215e-05,0.7491724263996429,1.1629976534115805,-0.09779166148835904,-0.01365937287686757,-0.02079352570599989,0.06896351273643957,-0.23521408018280296,-0.1273071973767154,-0.08511511826533857,-0.045132383256567134,0.4559126901991909,1.3931125871371013,-2.8334473253840184,0.7024367349366439
3466.8799999999997,0.6229692362718646,0.5434156320878251,1.059321531278211,-0.0010668315460592337,0.740593144130672,1.1589197854690587,-0.10672665364966967,-0.01630772373460498,-0.021531951996536895,0.07044183684169177,-0.26088789425589415,-0.14718475492701444,-0.08112882249896552,-0.04360611660162351,0.44027034435210843,1.3570751369393632,-2.7931861459688756,0.7843938831672024
3466.912,0.6195560773478115,0.542885180251474,1.0585554054256223,-0.0022081079053442067,0.7314804730380832,1.1544729059956276,-0.10892990828561995,-0.01415854619070391,-0.02590673572930978,0.07771018744850774,-0.26236610918761977,-0.14759282713363442,-0.08144038515091608,-0.04359911473267236,0.44806845137800494,-1.279666837420233,2.5478943740938083,-0.6237019579895203
3466.944,0.6161214445948325,0.542480320107089,1.0576350043667184,-0.0032478596475488597,0.7222317796973292,1.1500340937391171,-0.11728231601094011,-0.01733003980556105,-0.026060584445656943,0.07898343913972221,-0.2877189004710814,-0.16578737408415586,-0.07976841667391751,-0.042546332150703615,0.44060852646367493,-1.3075033839287327,2.6734474913938895,-0.6422411007223968
3466.9759999999997,0.6123943402819816,0.5419849182134993,1.056712913778406,-0.004493080112804405,0.712128649380778,1.144982764359598,-0.12486327556454092,-0.018481270146192646,-0.0272557651988438,0.091869869989555,-0.3049549267618667,-0.17022221558000247,-0.08130799970987906,-0.04301567797507842,0.4531501311618587,-1.3643434200538704,2.6424235750265095,-0.6632389483497872
3467.0159999999996,0.6074392325935659,0.5413938193664863,1.0554244146906377,-0.006107172874084242,0.6987900409387542,1.1386506625483157,-0.1262230409030189,-0.0160938878931534,-0.03190216350247789,0.08523600520118225,-0.3138036021986001,-0.18408732338765485,-0.07958432098221124,-0.04247995573579458,0.45167200932391094,1.486290447993307,-2.8652252450088365,0.6063012799562786
3467.048,0.6032276342267435,0.5407842264951259,1.0544209732743604,-0.007494640092967936,0.6874188592134902,1.133145274197867,-0.13580858200610613,-0.01937285861086868,-0.030717102709477535,0.09975853228514642,-0.3310027608436104,-0.18788932045117357,-0.07589708013022117,-0.04092973889348398,0.4348580688244491,1.4264388344809673,-2.863847900931709,0.780052557646827
3467.08,0.598765443159287,0.5401569091274385,1.0533845561290422,-0.008815777892427637,0.6755126616533823,1.1274513003495137,-0.13673527048797995,-0.01939853192220734,-0.03490846841234446,0.09418651681164844,-0.34125585561587196,-0.2107344506370807,-0.07553119757145065,-0.04023499785318441,0.4390483300045317,-1.271945543172823,2.487372026393244,-0.711367342457604
3467.1119999999996,0.5941909068097339,0.5395406527747776,1.052267833998469,-0.010237110736966266,0.6633235974958391,1.1213765607964608,-0.1441114242980113,-0.019188460888489123,-0.035810413914731984,0.10179182023788227,-0.3500085582919024,-0.20497877216030494,-0.07573102672415487,-0.03980195351408555,0.4453062686088559,-1.4624864701750526,2.5149476096932157,0.620942805518492
3467.144,0.5894802503925476,0.538878296680063,1.0510836295508572,-0.011614004392150042,0.6506163661730308,1.114699707447612,-0.15044625944285928,-0.022799321918171956,-0.03782970833563199,0.10836990278773329,-0.37709256779535555,-0.2250531445760726,-0.07497699423637474,-0.039776338266326934,0.4450341614065335,1.6162710126537092,-2.781252695923153,-0.6910469572131237
3467.1839999999997,0.5832802470317832,0.5379459899031014,1.0495385401950807,-0.013402048922635142,0.6337607597726739,1.1064593314785922,-0.15513683175638898,-0.021081436621080234,-0.04127059873965661,0.10669011980847064,-0.39437107670528,-0.23631768684420784,-0.07296079032113366,-0.03857398556975628,0.44046567940317227,-1.3833127310169149,2.508810081102105,-0.6400445640879538
3467.2079999999996,0.5794034633621372,0.5373713122698001,1.0485800958749716,-0.014625458844999753,0.6233035019361295,1.101114112711994,-0.16492461438398695,-0.0250884336309977,-0.03942719201153822,0.11858020060870654,-0.4064656810734701,-0.23374402528161817,-0.07242407969131626,-0.03883013723316553,0.443457802251253,-1.458171217255946,2.571332979718695,-0.5670608256966578
3467.24,0.574040164770952,0.5365728663728353,1.0472515631730432,-0.01627776555959287,0.6088520566401804,1.093689508043302,-0.16972174370126347,-0.02132804051879975,-0.04261744212521974,0.11585438080539504,-0.41519503934711577,-0.24329844717359314,-0.06914321652786419,-0.0360572388174934,0.4267070831123936,-1.498813124677995,2.507452531204223,0.6071429621741468
3467.272,0.5685292007550681,0.5357617102041754,1.0458964548841438,-0.017939942676212677,0.5940295690167889,1.0862343855749408,-0.1779769850125204,-0.024919265312836236,-0.04254301853371968,0.12344098834846762,-0.44145660646498625,-0.25672146385789135,-0.06776537486675567,-0.036045877935116474,0.4266419799066378,-1.4988495739802412,2.5089957191929906,0.6104482869610455
3467.312,0.5613317529710993,0.5346856923479789,1.0441612378908194,-0.020129625316650194,0.5747210017206437,1.076335460315576,-0.1841963506579077,-0.024706894759631563,-0.045271524825178176,0.12734623106593682,-0.45155288937965576,-0.26749820053560086,-0.06867643177385027,-0.0362049036082927,0.43678379909834364,-1.5559279263618444,2.4763627421278995,0.6151187462164865
3467.344,0.5554459551215496,0.5339614726599862,1.0426045910914417,-0.021915844994196076,0.5589592264533603,1.0682441423214626,-0.19270915812762324,-0.02600027300387252,-0.04684501188570692,0.13694737238345814,-0.47662874175988623,-0.2716739888391656,-0.06643042775425553,-0.03575282160695455,0.432584860042685,-1.4156299828406964,2.454725530776217,-0.5538774930400763
3467.384,0.5476889531474619,0.532974604206619,1.0406356989453056,-0.024300097442728794,0.5383493105495506,1.0578401909322497,-0.19551089143141592,-0.02670371020859817,-0.046912861473766956,0.13586585741053248,-0.4802869912437758,-0.2823328206460113,-0.0672519436279616,-0.03498920973556259,0.43916761650761976,-1.541989489828584,2.4225863475154874,0.5143843988875696
3467.408,0.5430159026763375,0.5323244977658695,1.0395504671917022,-0.025733161854612694,0.5260569098383745,1.051355844978742,-0.19544251631631476,-0.027040185548991,-0.04655410122286665,0.13842183852321893,-0.4760806821509301,-0.27230577265606515,-0.06503254670827466,-0.03435475266961906,0.432534058741012,-1.4186535339024995,2.457768968291819,-0.5577375421232518
3467.448,0.5352767219949566,0.5312494141018951,1.037658590778999,-0.027936607846694893,0.5054291323763752,1.0407708350114275,-0.18874323407324914,-0.02668607089122887,-0.049668968384044186,0.1364339224559107,-0.4718307494780013,-0.2772652948566297,-0.06604778542329022,-0.034700405295537876,0.44621424153293177,-1.5360829246614645,2.4579999864895505,-0.46388384700171154
3467.48,0.5291440851309285,0.5303610649038556,1.036165926138901,-0.029791627031005682,0.4891476710697992,1.0318896922544205,-0.18777603695661474,-0.023505044493474347,-0.04942070486301872,0.13057252220878857,-0.465316093719548,-0.2752050689323405,-0.06340557429102327,-0.033162945460789926,0.43073670789057406,-1.5269497133085699,2.4787923774460814,-0.479359661642836
3467.5119999999997,0.5231582213027806,0.5296028651081102,1.0345307377193558,-0.03159897121382883,0.4729526373203429,1.0234274143930402,-0.1926246408408602,-0.025107117078675543,-0.04887608135110201,0.13518601555173015,-0.4806051364848072,-0.2826664690988066,-0.06385485052892732,-0.03242466402140654,0.43274301068313253,-1.6252912556229755,2.500252079392976,0.40172798396285336
3467.544,0.516985975422634,0.5286517581593987,1.0329985689486596,-0.033372634382564464,0.4564435541743591,1.0147222674988985,-0.1893697482879861,-0.023290841463832368,-0.04890519130291727,0.12398514932241433,-0.4683436852533747,-0.28508920116388453,-0.06269141645935954,-0.032132019046486104,0.4308225214010824,-1.558727242818405,2.37235541930086,-0.5789232898138494
3467.576,0.5107553391100709,0.5276732233748531,1.0315476881541636,-0.03509749077505359,0.43992745474924794,1.0062129644218647,-0.1944852714379993,-0.026086790234210542,-0.04817111174967655,0.13485367436928378,-0.4820487769927852,-0.283348568471882,-0.06168181788999793,-0.03161306073050905,0.4280162570770805,-1.68220438386826,2.569446756909711,-0.5114626149722232
3467.6079999999997,0.5045678795368704,0.526858777957825,1.029985368771511,-0.03687502324771732,0.42363855480935686,0.9975117523283807,-0.19296766510351968,-0.02396690380199329,-0.04779853420664021,0.12495109028548354,-0.471634576486605,-0.28389693253787096,-0.062182987399352734,-0.0323772188814085,0.43421908751737637,1.8246882790418457,-2.7100841465717993,0.5343140370973277
3467.6479999999997,0.4968886426122987,0.5259045194342689,1.0280508441625502,-0.0392468355420044,0.4034087965907771,0.9863705141709035,-0.19334016393320216,-0.0256362007639309,-0.04883975454473085,0.1351600546878389,-0.4814303713565006,-0.28328626354549213,-0.06121357741033163,-0.031433004405639016,0.4287544952343399,-1.765979200842851,2.4128552597247963,0.39560923609543275
3467.68,0.4906845990472324,0.5250865782733183,1.0265302528155378,-0.041149901018261624,0.3871368180821076,0.9776162344432989,-0.1955484361540388,-0.026647713611665732,-0.04771851930710104,0.13145062691857173,-0.47987179289728493,-0.28279930507939377,-0.06207239996419067,-0.03155116893442961,0.43513133906767404,1.9483489372581402,-2.7184861384915386,-0.34081330860787323
3467.712,0.4844271921349129,0.5242070526301953,1.0249617332517622,-0.04299703018151728,0.3705648484819657,0.9687303505293315,-0.18834041388796574,-0.02322722682189835,-0.05047219205096596,0.13058334408708364,-0.4744834165144153,-0.27705374727167403,-0.060066649781428706,-0.03161153575324194,0.4285973814519359,1.8399669033084507,-2.5773770294345235,0.35677787479079537
3467.7439999999997,0.47830331198060777,0.523378814308715,1.023425518157231,-0.04478721967888578,0.3544856859479337,0.9598728304115444,-0.18877573058377514,-0.023597255214760304,-0.048076721937120315,0.12435259861484219,-0.4700516648051431,-0.26986661761999653,-0.060066649781428706,-0.03161153575324194,0.4285973814519359,1.8399669033084507,-2.5773770294345235,0.35677787479079537
3467.776,0.4721304016616739,0.5224716660873594,1.0219575961244518,-0.04650742966255743,0.33815115548829383,0.9508484937337857,-0.192447009038939,-0.026540878043726297,-0.04882556729361441,0.13784682121135083,-0.4775759785444612,-0.27357340655247026,-0.060066649781428706,-0.03161153575324194,0.4285973814519359,1.8399669033084507,-2.5773770294345235,0.35677787479079537
3467.816,0.4645833835467731,0.5214614313827941,1.0199522612718006,-0.048684277964613706,0.31821127972953295,0.9397848249100633,-0.19358622020413857,-0.025790647167276002,-0.048728601040921124,0.13689062762924117,-0.4812868166606036,-0.27239255636575327,-0.060066649781428706,-0.03161153575324194,0.4285973814519359,1.8399669033084507,-2.5773770294345235,0.35677787479079537
3467.848,0.4583855613830252,0.5205855999347432,1.0184597940838744,-0.05048391524303315,0.30195852843824783,0.9306820928828005,-0.1882283494019958,-0.023938189695155373,-0.04738030915785209,0.13211491280091323,-0.46607202458022945,-0.2709058070686169,-0.05873217426269111,-0.03143245207454226,0.4216330668240496,-1.798719443873606,2.4422477353758474,-0.37044090434603394
3467.8799999999997,0.45235720041909044,0.5198021213099213,1.0169698638144078,-0.052150860426229975,0.2862823665064357,0.9219944561500204,-0.18733716268992992,-0.026166316621968787,-0.045818926444164444,0.13372096868246847,-0.4634111358371724,-0.25984764437191477,-0.060198884604895066,-0.03274014210875094,0.43450378514451254,1.9001766018398654,-2.5328375125639306,0.36767212126975507
3467.912,0.4464846646093734,0.5190174995937501,1.0155174212851397,-0.05379218552009663,0.27100622596387447,0.9134346786619828,-0.17350717909453042,-0.023103759586439298,-0.045418212106405925,0.12160633818079908,-0.43580684547185944,-0.26093707304867453,-0.05900913906797683,-0.0324710938604761,0.4264096384651625,1.9717528276393836,-2.6033953601625925,0.5451774006613761
3467.944,0.440957760122571,0.5182858822944986,1.0141149806665006,-0.055381740170964075,0.2566193195996176,0.9052779791995068,-0.17263915491912984,-0.02514632727594522,-0.042059337578103574,0.12161994348013574,-0.4333733040145578,-0.25721710097022576,-0.06100220356163324,-0.03371083810327428,0.4344958252203496,1.941789014905313,-2.4305174847061752,-0.09021784001582148
3467.9759999999997,0.4356590912850925,0.5175553162527903,1.0127600964636734,-0.056853319336617684,0.24257587801078848,0.897316377233178,-0.1673594054955564,-0.02355671303976409,-0.040232038785995655,0.11397534611257944,-0.4127681245543946,-0.24172741229820996,-0.05997591631367533,-0.03341548528095589,0.4269788651752984,1.9827857339730304,-2.416695166464558,-0.30474748752373476
3468.0159999999996,0.4293126007203615,0.5167094912004175,1.0111586916557151,-0.05875219413398243,0.2259944592137826,0.8875800848308398,-0.15703574902724488,-0.023434005190282072,-0.04020470995641767,0.11479256011707271,-0.3974752506520034,-0.23354925651358674,-0.06035463750928876,-0.03471658070834666,0.4327926781792061,-1.9906031813015435,2.483539453518303,-0.32950658180778974
3468.048,0.4243082532671768,0.5159300438182212,1.0099527483758817,-0.05999605889456998,0.2128738006670855,0.8802662226373241,-0.14991853587077342,-0.021117747829133757,-0.03778507595558765,0.1070951554378704,-0.3726374955619251,-0.21636270187359175,-0.05997695358396803,-0.03478508521419005,0.4269558871777301,1.9839621078129892,-2.4173191415657755,-0.30707993418271146
3468.08,0.41952609414633635,0.5151990881229401,1.0088351953477348,-0.06129366796021855,0.20045117365478463,0.873016664411157,-0.14692047292601026,-0.02160943268109776,-0.03476781464679284,0.10085380856226933,-0.3587633865378159,-0.21535745092020742,-0.06008881845068328,-0.03629968567362421,0.4312964049860501,-1.9069648269117379,2.346777054192473,-0.3705194682378715
3468.1119999999996,0.41507528748499584,0.5146233796262979,1.0076707598044616,-0.06257738225653053,0.18877865999375365,0.866273376810535,-0.13903406565800694,-0.0185738464741082,-0.035014166428669,0.09518214257844615,-0.3471658139327438,-0.20357926916452926,-0.06127602854181738,-0.037293888957783176,0.434823367607837,-1.9599987254426008,2.2948161136889174,-0.37629514831310096
3468.144,0.41077245717455885,0.5140838150490001,1.0065462317296112,-0.06378210374382201,0.1775582096784715,0.8597419111575169,-0.13501413873794788,-0.01935030263081816,-0.03317907946299096,0.09260203707484661,-0.3335901080021076,-0.18711890888177105,-0.0614881553850861,-0.03824802969264126,0.43905427060155083,-1.7893627352386827,2.1482577428105163,-0.1402862058288724
3468.176,0.40651166884293727,0.5134684943487213,1.0055661353178114,-0.06502515492705957,0.16676490592306753,0.8533766878802705,-0.12654159176882676,-0.016709129987532108,-0.03162689577920221,0.0842795209425739,-0.3143490315394956,-0.18591052347328776,-0.060970756311242096,-0.038704250702471396,0.4318504806088965,-2.0353327480666743,2.3542981910984784,0.06530470253483052
3468.216,0.4014660052414547,0.5127441912636718,1.0043496790906232,-0.06639661741880472,0.15366480515397737,0.8460258495453027,-0.12129740732755177,-0.01835293044891479,-0.028972375656084008,0.08562541372894474,-0.30361195185612094,-0.17295483632677433,-0.06128231017137441,-0.04008635986396804,0.4347935477894057,-1.958632095207209,2.293543154105569,-0.3654550710120813
3468.248,0.3977957842481449,0.5122735588796505,1.003399567621745,-0.06748789728017933,0.14408686095073459,0.8404832796716236,-0.1117961477664187,-0.014157347438530244,-0.027671391053444804,0.07586121459422153,-0.27849126045103356,-0.1586270791994048,-0.06096229814433075,-0.040084840840992744,0.4317543622849796,-2.0352261672634864,2.3538698621922913,0.06744089105838745
3468.2799999999997,0.3942880234637408,0.5118280072937929,1.00254674051309,-0.06853687545043799,0.13512035174861534,0.8353571834932374,-0.10372928294662663,-0.01407407279532208,-0.026813388220817427,0.07399432441863275,-0.2614595743598743,-0.15975171069245506,-0.06160465394579594,-0.040885294749057687,0.4335041839309922,-2.0753463003229435,2.281016318175455,0.33837112400511377
3468.312,0.3909912886080444,0.5113340687933686,1.001710336373453,-0.06931745249125461,0.1264339814687921,0.83018918338371,-0.10238800810337603,-0.01598399441635793,-0.025303025102810593,0.07751680842052978,-0.25382701716885114,-0.14356380949505687,-0.062153375956889266,-0.04240882156258283,0.4339657360228268,2.2411147274829353,-2.559248765012056,0.4504808201848048
3468.344,0.38783460854848884,0.5108512158322452,1.0009971143881915,-0.0702017212599874,0.11824702407943298,0.8255392397178744,-0.09744516800567342,-0.016184776561415582,-0.02243560169715714,0.07019491011415008,-0.24009777902603868,-0.13920083129385163,-0.06234449497407826,-0.043832572394682086,0.4372838522437993,-2.0092927987342315,2.238075336397379,-0.36008255253115523
3468.3759999999997,0.38488636317356734,0.5104484511769625,1.000258231500874,-0.07104349071730197,0.11068436269056671,0.8211362957708578,-0.0879864115489909,-0.01272139413813495,-0.022241162808659475,0.06141311597067718,-0.22091402305175326,-0.13096491332751328,-0.061832774419647116,-0.044019914886639706,0.43387449444630743,-1.8078752419001722,2.0129489153702202,0.028535378030410674
3468.4159999999997,0.38159369998666864,0.5099646362107435,0.9994037360501669,-0.07193366889070667,0.10217007387300926,0.8160146791489196,-0.08042550250198673,-0.01058746309446399,-0.020990591985249236,0.057730855100542794,-0.20125496000176885,-0.11895863959308238,-0.06368441919344206,-0.04585733236302338,0.4443619261046013,-1.8840907656604038,2.0431087408560056,-0.12817686661773509
3468.448,0.37908412835308597,0.5095804943432687,0.9988004271308792,-0.07249616529973377,0.09557064241719018,0.8120594026466614,-0.07376710821393913,-0.010041571247990322,-0.01891525411156039,0.0533573255611706,-0.18758835563019544,-0.11362315739595351,-0.06292463802437828,-0.046061028625594407,0.43561493515814187,-2.146346732299672,2.2461712847118904,0.0722539215928817
3468.48,0.37678213772119484,0.509243937707814,0.9982183973256583,-0.07309186429468774,0.08955838675788398,0.8085357196854019,-0.06937854476710004,-0.01057737879785702,-0.017570728153334835,0.05207978511890747,-0.17518677818388967,-0.09647121548157453,-0.06367502426638069,-0.04727751482621,0.44425874583768016,-1.8817692571336457,2.0410274271976645,-0.12370806154094295
3468.5119999999997,0.3747985520311817,0.5090374889955317,0.9976796560349298,-0.07374521569794863,0.0843702382507317,0.8054576968903449,-0.06075643612999273,-0.007016703889854909,-0.015878550367511835,0.04140798938298228,-0.15333721737677145,-0.09141405557754857,-0.0629151018503798,-0.04745438726539713,0.4355085714957677,-2.1461965615442025,2.2457021486387827,0.07436559171106931
3468.544,0.37291747239936474,0.5087724192249571,0.997209304551155,-0.07417259895585895,0.07961649461579692,0.8025299863658024,-0.05714643405067207,-0.00775545229773101,-0.014388259699229066,0.0415697655533376,-0.1402791919846808,-0.08556004157360447,-0.0636119221554454,-0.04882279302103056,0.44066729702832,-2.160602762372961,2.315652028354859,-0.30993102601281713
3468.576,0.3712593587407601,0.5085503974180766,0.9967842384033749,-0.07463713331429221,0.0754109675922305,0.7998013731354651,-0.04881634375347317,-0.005791168598201423,-0.01210418085316213,0.031655276715927286,-0.11937334953592231,-0.0727787215280823,-0.06290539203001533,-0.048847546023968604,0.4354003750064809,-2.1460507196939083,2.245232466520234,0.07648042510123133
3468.616,0.36946628096997336,0.5083025599767155,0.9963601887299491,-0.07507453486503497,0.07077790433811745,0.797003690016433,-0.04332985279155617,-0.0058289417931168515,-0.011105980383115284,0.0320589467562312,-0.10777750689807758,-0.057200347240402884,-0.06360537549919032,-0.05023430847998437,0.44057870446194225,-2.160199625430908,2.3149624574119136,-0.3051667425643934
3468.64,0.3684822477378308,0.5082307573310589,0.9960536802549077,-0.07537943048402457,0.06820886845265924,0.7955856819553218,-0.04499453614880921,-0.006227859159090252,-0.010744243684999853,0.03054553104325407,-0.10934539036556823,-0.05814663288122347,-0.06446361216013997,-0.05085283159053773,0.4435743720240523,2.127390625561633,-2.285863423309941,-0.08736966023159785
3468.68,0.3666673022376986,0.5079609242827514,0.9957293491670145,-0.0759187211745481,0.06396825408223379,0.7927222068762219,-0.04455446506442908,-0.004891714914718194,-0.00783265464083358,0.023709423280645153,-0.09484513399573484,-0.0673149572247686,-0.06289551297141467,-0.05024050725944771,0.4352903920885902,-2.145909134714861,2.2447622749975356,0.0785971961272498
3468.712,0.365216232559152,0.5078003396745504,0.9954937771383298,-0.07624948565231679,0.06097159834407693,0.7903349154069349,-0.0458531779391156,-0.00399924828118741,-0.006372069303592513,0.020918635292592472,-0.08863120718771567,-0.06251434544487144,-0.06315858540200493,-0.05107552874461613,0.436541424851216,-2.2856212697353566,2.243946324052689,0.3324618449271453
3468.752,0.36342461213542965,0.5076639017387219,0.9952475707304328,-0.07681899893023339,0.05768746317609543,0.7875891384021315,-0.04556589962226158,-0.0029901362104823217,-0.005582243528568159,0.017005810980067558,-0.0777089602034084,-0.06093626459077078,-0.06359862291176936,-0.051645741029867895,0.44048805603229385,-2.1598048095413978,2.3142754067482354,-0.30041778765759647
3468.7839999999997,0.36195558888289336,0.507602739871619,0.9950685942399259,-0.07715159399912529,0.055326462411525834,0.7856325213545492,-0.0449582359127384,-0.0024794308165826647,-0.004385473687670295,0.015296864725662152,-0.06927790244508594,-0.06332327979524081,-0.06284801735697575,-0.0513153246772991,0.434873019819537,2.0820042279720052,-2.229532248660849,0.07652729081421215
3468.816,0.3605768745424141,0.5075740227754298,0.9949279328537013,-0.07758520421763274,0.05330248627498839,0.78323700286212,-0.041395655009798096,0.0003673453903036556,-0.0046843641720262395,0.005406838186964463,-0.06055056995263502,-0.0750242495632157,-0.06391305544036724,-0.05312828602837846,0.4446409506721027,2.1858096773878377,-2.2319518324480714,-0.08245792012905304
3468.848,0.35932064472418124,0.5076685609865262,0.9947566080010251,-0.07809596603324595,0.05181083448051597,0.7807879667040691,-0.04211834774472991,0.0005746467355311143,-0.0034477853762458995,0.003160171385929998,-0.05335427254071057,-0.07769968611509183,-0.06398617959909492,-0.053998791231435715,0.446218537198015,-1.963984589215144,2.0367820959172303,-0.2010753069893613
3468.8799999999997,0.35786700968847096,0.5076872468222966,0.9946769896987057,-0.07859792507168853,0.05021444693057341,0.7785050885166145,-0.04390213314824358,0.00013182784206516147,-0.0009794154227153412,-0.001601812025768803,-0.04374029817290225,-0.07206208695277776,-0.06359166277628463,-0.05305708588708352,0.44039535536554625,-2.159418549726794,2.3135911283673503,-0.2956846203170829
3468.912,0.35647881703522877,0.5076608118759985,0.9946302680837444,-0.07906074295628834,0.048855800596665486,0.7760070052501098,-0.043778641216989225,0.0017312927660295308,-0.0007746419169846751,-0.0021706278613575396,-0.04180531724194813,-0.07121713348767467,-0.06359166277628463,-0.05305708588708352,0.44039535536554625,-2.159418549726794,2.3135911283673503,-0.2956846203170829
3468.944,0.3550426998077145,0.5077773698072485,0.9946263399321402,-0.07964573250633901,0.04783141382252552,0.7736472069220345,-0.041490101147775446,0.003288781867237078,0.00023500648118712154,-0.007033597612945358,-0.03308000218154928,-0.08377903460498849,-0.06398617959909492,-0.053998791231435715,0.446218537198015,-1.963984589215144,2.0367820959172303,-0.2010753069893613
3468.984,0.35330799448874806,0.5078753780292973,0.9946498012385661,-0.08026715791577083,0.04681251028987869,0.7703409264697266,-0.04375734151417694,0.002742047506753851,0.001687218638507196,-0.008931562613163595,-0.027154946185102447,-0.08373833450533362,-0.06398617959909492,-0.053998791231435715,0.446218537198015,-1.963984589215144,2.0367820959172303,-0.2010753069893613
3469.0159999999996,0.3522495967030595,0.5079690216491539,0.9946864958381145,-0.08057120546516897,0.046453420698369836,0.7685332882608334,-0.04605043749872347,0.0030523055270720544,0.0023367688928258713,-0.005578939696646575,-0.022571302676920774,-0.07466148380545579,-0.06352251866770262,-0.05396452125545143,0.44575356177433423,-1.9044364552527222,2.0238487983275744,-0.36109824699750004
3469.048,0.350365998381486,0.5080908808345159,0.9948475690300614,-0.08118896637397865,0.04598840162505496,0.7654619980350906,-0.043293014088044944,0.006469812156905825,0.003939851363309858,-0.017757483408641087,-0.008248341979415782,-0.08261260872627632,-0.06309745341606077,-0.05381101795873315,0.44501057407784356,-1.9248883151168774,1.9843623856283903,-0.10585342832255369
3469.08,0.34901391239007074,0.5083539999710658,0.9949793515081683,-0.08180220772800914,0.046301261013011956,0.762664686286231,-0.044792113877212186,0.007760484766506682,0.0036773346740237006,-0.020028138725132205,-0.005713130911755827,-0.09877816692738739,-0.06309745341606077,-0.05381101795873315,0.44501057407784356,-1.9248883151168774,1.9843623856283903,-0.10585342832255369
3469.1119999999996,0.34749936289935623,0.5086036229031855,0.9950548611907105,-0.08249594507112287,0.04638007112994184,0.7594828162965359,-0.054827765270762795,0.006418328621367094,0.003233866679962298,-0.015071005394519185,-0.014939563193126197,-0.09785476952378394,-0.06309745341606077,-0.05381101795873315,0.44501057407784356,-1.9248883151168774,1.9843623856283903,-0.10585342832255369
3469.144,0.34560975230668955,0.5087656553978497,0.9951727453777457,-0.08316531965320069,0.04610349655020419,0.7561876935335494,-0.06265363011070732,0.00666833717719979,0.004237136600291164,-0.01989600832066548,-0.019342088451582293,-0.1139166997314223,-0.06274005958105118,-0.053062304791054324,0.4391321852364626,2.405879628139676,-2.3291391353005446,-0.3249603886353514
3469.1839999999997,0.3429902569239466,0.5091090856473655,0.9953813074807096,-0.08417113079839669,0.046010328468832566,0.7511655187710321,-0.06978463225435295,0.007961916680088825,0.005233179551657858,-0.022233582215808203,-0.018655479838733523,-0.1283310814372114,-0.061758198076860414,-0.05247397467368476,0.43649451528574384,-2.2857644630182334,2.2429921007901816,0.3377124876700244
3469.216,0.34072485121197393,0.5094554601436634,0.9954768680032932,-0.0850210412219714,0.04603744564851675,0.7471361460084355,-0.0755855761883404,0.009469057013398343,0.005009827554400388,-0.024876885915090432,-0.016000756595748393,-0.13655364809371903,-0.06109039910406206,-0.052439501043793635,0.43604400841799207,2.377951501190568,-2.4592672920040983,0.43794498097630963
3469.248,0.33815826431774293,0.509763197509535,0.9956924068480503,-0.08601921760993425,0.045990562754303056,0.7425585520097824,-0.079821602371338,0.012063359433254685,0.0059658756387743995,-0.03332557571576203,-0.01560132789324952,-0.15743984989341236,-0.06248838794724808,-0.0531236143345702,0.4446483823248767,2.1846333923471453,-2.2307225855376096,-0.08352523367227165
3469.2799999999997,0.3354307325215893,0.5101112526292311,0.9959300567464813,-0.08707779989143741,0.04611241976416214,0.7375415197181353,-0.0884881235559292,0.010200225109980298,0.00745025522590656,-0.033900343184089916,-0.019271264788061522,-0.16775313628718277,-0.06168183521412631,-0.05238174620686945,0.44512290042323804,-1.9293387465881753,1.9885365845339473,-0.10510736991779389
3469.312,0.33249434896135477,0.5105565582645701,0.9961214328058811,-0.08824706894749826,0.04605474054038519,0.7318906143550423,-0.09388187561413028,0.01225901804613672,0.006963340825918276,-0.03300564172702237,-0.022987952251877775,-0.1711226225494407,-0.06036850901325409,-0.05107133977814077,0.4366029268566306,-2.287337799698158,2.2456386290672583,0.33820325809470536
3469.344,0.3293312831063012,0.5109910579513126,0.9963598954240938,-0.08941943605353594,0.04596407056050706,0.7262511096915495,-0.09988180162305307,0.01230058092049241,0.0071495507474695135,-0.034636125486584804,-0.024516187926637498,-0.19139954827540462,-0.06036850901325409,-0.05107133977814077,0.4366029268566306,-2.287337799698158,2.2456386290672583,0.33820325809470536
3469.384,0.32514370068254006,0.5114797616242784,0.9966921656173527,-0.09100953657663505,0.04589811476045297,0.7184063565486318,-0.10533434033529696,0.014869417000694581,0.009314183002547629,-0.04359665216988111,-0.021409734854975087,-0.20663893366396496,-0.060128928985061315,-0.05097716553584737,0.44097132159954133,-2.222339154251788,2.261396721449596,-0.30570864571565437
3469.4159999999997,0.3216769922367163,0.5119591292990409,0.9969673673621695,-0.0924352070220406,0.046109582000262286,0.7116767249976236,-0.11454850431008219,0.014573227436651463,0.008620025720318284,-0.042037408034096606,-0.02782777628924954,-0.20683312384643746,-0.06043654020562747,-0.05066414087870975,0.4463912793243869,-1.8749163139564813,1.9338931067686826,0.08477048133640719
3469.448,0.3178862617112923,0.5124169946843785,0.9973086809129941,-0.0938864034631138,0.045954567053666004,0.7044158595566693,-0.11978322560212694,0.015474737059850197,0.010045901267674255,-0.04595782819055543,-0.0279349276908928,-0.22279725672081152,-0.05897875486882989,-0.04966899956892366,0.43671021685840006,-2.2889301534049773,2.248310708743554,0.33867092938527443
3469.48,0.3138720411253776,0.512881309814371,0.9976204586174048,-0.09538898056054802,0.04575268178861569,0.6969884959644403,-0.1263278119355233,0.016990486979724287,0.010578646957179392,-0.047897756602939746,-0.027746935904475387,-0.2421113033655256,-0.05870926638081127,-0.049548425344507034,0.44095944122539166,-2.2252727097620792,2.2637858073384702,-0.30861688046823543
3469.5119999999997,0.3097216313588288,0.5134848377945799,0.9979832970271919,-0.09704944600526105,0.04588505745830897,0.6892838375932883,-0.13626134119039215,0.015806628917370537,0.011614178412960936,-0.04937490018383274,-0.031230159378003147,-0.24959783701708235,-0.05831495739373233,-0.04939987884040735,0.44431802079922217,-1.8714928708002874,1.913594467059696,-0.19576206753724618
3469.544,0.3051976874338934,0.5140529076823904,0.9983277025670975,-0.09869112902846243,0.04569410423356996,0.6814062905134444,-0.14134622645082268,0.017439486291067497,0.011735476424985103,-0.04986467243376521,-0.03580832421913129,-0.26338183029074036,-0.05758891409128074,-0.048266932202632874,0.43681627588535654,-2.2905408800604063,2.2510073885956112,0.3391161444109331
3469.576,0.30050632556731643,0.5145608942591452,0.9987117712792047,-0.10031141531249328,0.04539677767551432,0.6727481314143444,-0.1476401666698423,0.01706017788602212,0.01168953737485684,-0.051175125319970226,-0.036464567939263864,-0.2747512234714972,-0.057830343470441144,-0.04900684775364574,0.44678646293591595,2.1228076924857002,-2.14128934110866,-0.32866738011117164
3469.616,0.2945944952951251,0.5153296200337262,0.999201707882913,-0.10260741599647055,0.045624652382263306,0.6613847310162372,-0.15429462225942572,0.01727391661321021,0.012714469744192576,-0.053287629802924126,-0.03662175388615705,-0.2939833069526534,-0.0569035697008823,-0.0479760923232867,0.4444387107023031,-1.875778725094403,1.9173644944360995,-0.19575387170688408
3469.6479999999997,0.2895666407123711,0.5158746944196735,0.9996061441779711,-0.10445371579622692,0.04538902952953818,0.651801991487846,-0.1592203538550738,0.020476287457551156,0.012466093144128155,-0.058221861413009356,-0.03954801840807533,-0.30486634593561024,-0.05616016311356099,-0.04722911802191596,0.4441942478454156,-1.9277658271687568,1.8694292833431523,-0.20238608183001033
3469.68,0.28422763673133844,0.5165699549003152,0.9999990058154052,-0.10641736459231484,0.045313562671081435,0.642104337173932,-0.16538723766734525,0.02425695159436653,0.014094307934909865,-0.06554902410855071,-0.03414066460220545,-0.3066295124830748,-0.05751022510385969,-0.04852866434064123,0.45925804776101153,-2.205057197496172,2.195687604168748,0.07742982516913686
3469.72,0.2773819760857295,0.5175485789645626,1.0005645139363546,-0.10913612923087677,0.045388270239938,0.629630264079251,-0.17432849750636903,0.022336501995189932,0.014283834514167563,-0.06382795069228879,-0.039828129946460976,-0.3140606445614826,-0.05670264229075263,-0.047727556094474224,0.45869126802398735,-2.2615166733685768,2.1367023906876987,0.07549338744408689
3469.7439999999997,0.2731869084195589,0.5180397612331394,1.0009390962539184,-0.11068582207539478,0.04529555368871451,0.6214189998659222,-0.17969109980432588,0.020985399119168174,0.014913535959237485,-0.06644598062807199,-0.043194138038865404,-0.3262151823808928,-0.056051136149939396,-0.047057798407415315,0.4593873838724573,-2.205962344356644,2.1969965933376385,0.07624653885230319
3469.7839999999997,0.2659308491950067,0.5189478672925729,1.0015502941151324,-0.11356133320389952,0.045336994037890335,0.6075734055011932,-0.18964471832850344,0.021668271959365396,0.015475957789640955,-0.06510665621186866,-0.04786379372584796,-0.3501939715754755,-0.05386977754762161,-0.04592228031573552,0.45084890275713413,-2.2632462086018066,2.245051093505386,-0.3617097255077022
3469.816,0.25972341184022985,0.5197601932863426,1.0020097798590104,-0.11579589891659653,0.04508586399471428,0.5965789104330876,-0.19431045332949412,0.02363145103533948,0.016251276475975733,-0.06923828902303542,-0.04374804763774541,-0.350363568050312,-0.05459161003746787,-0.045586899607752376,0.4595140156020422,-2.2068753261143557,2.198310613601707,0.07502063151035741
3469.848,0.25322198535010215,0.5204356780872754,1.0025560305649726,-0.11802379487397571,0.044877678952718686,0.5848875243837578,-0.19751434175331709,0.024217577753371758,0.016055582905754137,-0.07532696267097705,-0.042591856675496774,-0.36148867907132737,-0.05189102283466005,-0.04327563223321474,0.44746123584955644,-1.9235541951242285,1.9028929704384452,-0.3378216552073506
3469.8799999999997,0.24690383122554463,0.5211919402221763,1.0030777656048375,-0.12034125659118916,0.04475832533757065,0.5729505712493472,-0.1967005123808963,0.0253829923095829,0.015103586789337937,-0.07234021725372879,-0.04893145249040096,-0.3719413577865175,-0.0525159869587346,-0.04389169177845975,0.4569550830724367,2.1403215612057895,-2.0997451408735976,-0.14003227780675576
3469.912,0.2406648958057398,0.5220118264175295,1.0035586353998776,-0.12275619650227056,0.0447148400595812,0.5611142052758912,-0.19459900246033782,0.028474740379197287,0.015446191542558819,-0.07741454581846435,-0.039213340175171585,-0.3546437824023968,-0.05213399862034294,-0.04447425090336246,0.46774731370673894,-2.021425093086729,2.0171219215739806,0.011445790440200193
3469.944,0.23426449026853705,0.5227843354555127,1.0041032193585033,-0.12508762329871678,0.04460115461738991,0.5494402543432201,-0.19716405384768568,0.025675013732175886,0.015594387423013594,-0.07127798634266558,-0.047151963948145935,-0.3661779504024074,-0.051092212811372946,-0.042690760533312104,0.46040258001633727,-2.3042292854776214,2.269781061345404,0.3545591411098992
3469.9759999999997,0.22803961275222462,0.5236338206067744,1.0046277525827438,-0.12742694176459549,0.044687753243315795,0.5377784938963653,-0.19970444371586515,0.02239045206348088,0.01582438693701729,-0.06746424189381378,-0.04922472473108142,-0.37187935200770306,-0.04732006408448183,-0.040872066177168126,0.4452123640155913,-1.7914366821307715,1.8210241665937967,-0.3647146848777557
3470.0159999999996,0.22022288209677118,0.5246052956427872,1.0052430609119662,-0.1304034542696768,0.044654845183307736,0.5230547878206802,-0.1987810641151156,0.024304684035934453,0.015160132105220431,-0.06825594753309819,-0.0471108444865043,-0.3700737053169594,-0.04815171030133799,-0.0409649219143237,0.4571927841193433,2.1338773041398316,-2.0942467125231277,-0.1401196750337024
3470.048,0.21375104341532072,0.5253749000178684,1.005735988320456,-0.13249890168661657,0.0444576440062865,0.5113627499706921,-0.19821818211216663,0.02667463135729293,0.014878165700418765,-0.07486711156708592,-0.044715405398964174,-0.3606055191153166,-0.04724532034176175,-0.039430725369249756,0.45764394676870374,-1.9333399165075884,1.9181628915173947,-0.16175163415968924
3470.08,0.20747389778170752,0.5262031115780091,1.0062690376234784,-0.13492630959338076,0.044568924317123323,0.4998313522278468,-0.19824818339158387,0.025081788327393866,0.01609152725640049,-0.07644045817302257,-0.04546969511483528,-0.36569419431997724,-0.04651947006207059,-0.04001364206441412,0.4687439557712269,-1.9565838434321776,1.8902915822331108,-0.19549746573808124
3470.12,0.19964045989517792,0.5272081403768576,1.006850192946909,-0.13781053188556197,0.04443508083151815,0.48464970386113304,-0.19654914908842125,0.027654600545723444,0.014773253794317296,-0.07256392132156554,-0.04709589108438736,-0.3627079978480756,-0.0452285028570413,-0.03826655506929244,0.46070678310264923,-2.3104464393577446,2.2794687330326524,0.35850238447189137
3470.144,0.19479554366485707,0.5278490658066044,1.007213901986836,-0.13952966505310485,0.04428680593293147,0.4757864210184429,-0.19779307302248367,0.027186019111150726,0.015084398787337035,-0.07657437186142806,-0.045132203854254226,-0.3557980417581899,-0.043292864081585655,-0.0381829602475464,0.4594116330912255,2.074282396341007,-2.0192951987099486,-0.33188658884827776
3470.176,0.1884547636613355,0.5286148211075815,1.0077026127779758,-0.14186377584508397,0.044110546018427864,0.4638582282108285,-0.19546825000799403,0.028507736142642445,0.014865054511362582,-0.08035838951612718,-0.046568210924967234,-0.36627665653754915,-0.04258287369221398,-0.036723493851605817,0.45968516022732164,-2.392564095737268,2.327886792446948,0.40015686362747616
3470.216,0.1807063956438215,0.5297152424927378,1.0082843648934785,-0.14484643792869,0.043938521995717954,0.44881521776528455,-0.1944073665150809,0.028002937521419042,0.014550376067697319,-0.07415461135076439,-0.039054621224348364,-0.360095115878481,-0.0421814192401188,-0.03729903389647562,0.47190454563943446,2.0857437204409344,-2.116547963040148,-0.3411490393631198
3470.248,0.1744779924442353,0.5306215814081878,1.0087597964838293,-0.14726580813287102,0.04393880377710435,0.43753019636225393,-0.18748696818385743,0.02911017137652519,0.014574393660391604,-0.0773436380114189,-0.03135068327577628,-0.34971029005873316,-0.040372097318329275,-0.03524554240092174,0.4596086610041897,2.0680391717091773,-2.015391591087439,-0.33073200062697894
3470.2799999999997,0.16855598203534078,0.5313869773792842,1.0092107470615828,-0.14951685917051968,0.04391931022105135,0.4265113151328269,-0.18567550645236866,0.021405737402795028,0.014092459828208746,-0.0611380557405942,-0.039000640833525314,-0.327973432438916,-0.03986194516009203,-0.03619516548233146,0.4831993807281707,-1.9487734518974071,1.9314620879887103,-0.1520447977665444
3470.312,0.16292415165334445,0.532175644120053,1.0095977242851768,-0.15162477656722728,0.04385881589129119,0.4156855498875263,-0.17629406435958264,0.02494458156435409,0.0132387374409423,-0.0658895111271966,-0.03489514491739639,-0.3263368372276515,-0.03800493954852761,-0.03423784396548308,0.4712343790340831,2.0300582949545154,-2.0325338066813954,-0.3561125947788315
3470.344,0.1572955815672698,0.5329616425282326,1.010015631540875,-0.15369435850663224,0.043768456115601505,0.40563526935351274,-0.17061390640524252,0.02500781373408326,0.013174591471065368,-0.06779241333962008,-0.03785033297785581,-0.3174364820991755,-0.036217945377161706,-0.03218650649358008,0.4578785829340906,-2.47540255359242,2.378582370650265,0.435423773132973
3470.384,0.15063876823590897,0.5337914061736807,1.0105667737758122,-0.15613693826169758,0.043688108220678895,0.3935102488357212,-0.164068203414026,0.01793445853257581,0.012787159945338605,-0.05443920271199635,-0.038640775206155144,-0.29770624840021026,-0.036204501001785926,-0.033186407818622615,0.4831046521494719,2.108891904995089,-2.070382813823866,-0.14428523218907102
3470.408,0.14682901550573407,0.5342288390544668,1.0108697284190766,-0.15736867612509697,0.043676158974327826,0.3862111574148975,-0.15797701469443656,0.02011064445485694,0.01221522072768575,-0.05767231282497488,-0.034117713110731425,-0.2877608051442671,-0.03478065121202803,-0.03213585820490849,0.47885794608433496,2.0456754861805293,-1.9731573053702092,-0.23618198585971473
3470.448,0.14060604611100153,0.5350909004728088,1.011333972971149,-0.15958029576148852,0.043520006804880496,0.3748234573515302,-0.14923438798312577,0.021591574064478845,0.011170029662143286,-0.06043793457295013,-0.034672633973956535,-0.2835905627850645,-0.034100465082145766,-0.03176632933900989,0.4853904871709091,2.0480132829201847,-1.9969575200560745,-0.34264922081148047
3470.48,0.13586933264746578,0.5356417162749469,1.0117419321303192,-0.1612552859194355,0.043407573800127004,0.36611413254568215,-0.14305059248609864,0.01725461097229478,0.01311038217605048,-0.05533074617109723,-0.03194149256746238,-0.27473263632551737,-0.03193867961654308,-0.030771925313368163,0.48170843631267746,-2.5596283607764887,2.3178854911815914,0.45298593757108463
3470.5119999999997,0.13143430571135217,0.5361646884725336,1.0121540721997013,-0.16290384089455331,0.04338208390368179,0.35764157088030113,-0.1374970295605543,0.016003420456395325,0.011220811651897885,-0.04675518904120675,-0.03675989186614235,-0.2610702713927158,-0.03100673694381986,-0.030215004969010827,0.4854637709313801,2.043304277714605,-1.9932320382019906,-0.34437684488369136
3470.544,0.12721912028265217,0.5366797499735145,1.0124513661386925,-0.16430924321160031,0.04321303354930727,0.34927808860258563,-0.13380652762901832,0.013858068050715364,0.011751326248144582,-0.04274709430932376,-0.031848972691995873,-0.2427909562479627,-0.029731006489979672,-0.03009365833777965,0.48329641887640584,-2.493970115581407,2.393885983985087,0.4613029363236377
3470.576,0.12306694421120003,0.5372053916238172,1.012756319749367,-0.16562634609788443,0.04310352362755377,0.34164913194519325,-0.12411706170420031,0.015891488698541758,0.00971359884556825,-0.04692386062788503,-0.02989583525621812,-0.2348753351808222,-0.02819315137868699,-0.02855061674333986,0.483375695322071,-2.4960472067074364,2.3973078380456516,0.46172818068791943
3470.6079999999997,0.11912280654008568,0.5376380341616598,1.0130880286489246,-0.1669512107222844,0.0429759384065424,0.3346000749317995,-0.11827558646378614,0.013762565368837779,0.010482519357796309,-0.04400985706254767,-0.028030149305365976,-0.2258110869293452,-0.0266496608586084,-0.028549358106813513,0.4833557262832273,-2.497417750299029,2.3981507095351042,0.46533498647849025
3470.6479999999997,0.11463790534772766,0.5381547968513459,1.0134936275091706,-0.16859830684670898,0.043004227741545685,0.32598759019023926,-0.10956649993072173,0.013881224304005615,0.009554459685906262,-0.04333704241250153,-0.023034461726548872,-0.20913489578575564,-0.02588200266227975,-0.02777338299068996,0.48340096852590514,-2.4273385720158336,2.4716099522243136,0.46871872916709795
3470.68,0.11124853047077447,0.5386617415957272,1.013784770560111,-0.16997079017855538,0.04308358431107103,0.3196709426609965,-0.10386570556630495,0.012612546598120904,0.009898002461220077,-0.0388093826782853,-0.02549973281447306,-0.1942973439364357,-0.025111057037472864,-0.027006285367630733,0.4834291768632471,-2.4995045662435644,2.401583110220904,0.4657616257684091
3470.712,0.10799056350477175,0.5391173364717317,1.0139965784492835,-0.1710625799368985,0.04300130507932253,0.3139309526388685,-0.09645610720460973,0.01446130239344619,0.007034165311193804,-0.03738572266256928,-0.02215636993692921,-0.17967544179268644,-0.023567224809335152,-0.02700513711306707,0.48340490291897076,-2.5008791737821863,2.402426527757846,0.46938459840015595
3470.7439999999997,0.10488643057037994,0.5394808568375705,1.0142652576893358,-0.17207570486814067,0.04276454835128009,0.3081722332481609,-0.09317768938094324,0.007327796832447861,0.008766643430266256,-0.028286291658659854,-0.025770924692727324,-0.16425611031004259,-0.023137029153704726,-0.027621289376091134,0.5087978564454875,-2.4788666291563928,2.389105811129353,0.28174686546693234
3470.7839999999997,0.10145276031156393,0.5399929313611476,1.0145307905357694,-0.1733106177606611,0.04279323581684289,0.30165684125516445,-0.08151246967878312,0.010139198864562965,0.006405180010928043,-0.027964771293805542,-0.019017247421175342,-0.15796286811641758,-0.02132712500845002,-0.025511724318960035,0.4845931413748123,-2.5325531054856225,2.4239020137335445,0.6351300124618832
3470.816,0.09889916260175916,0.5402520196812514,1.0147643240173085,-0.17416836792267917,0.04276520326312401,0.29698174188057513,-0.07852971243109479,0.005945511337157109,0.007658574260923106,-0.025426095867494055,-0.020827393995187477,-0.14806303355209746,-0.02000006881191243,-0.025332779866481307,0.4807571246153994,1.9442646463278843,-1.8391120573638302,-0.3883184894899675
3470.848,0.096575886746051,0.5405112749319454,1.0149746612678248,-0.17498664685983015,0.04266031801691935,0.29235999321296696,-0.06974725160991418,0.00934208369820892,0.005899251049493028,-0.02862371674172277,-0.014479939518696718,-0.12920012558708313,-0.01983791815718644,-0.025740146632761227,0.4963423130506766,1.944630886452695,-1.9242441655052,-0.38279354652171826
3470.8799999999997,0.0943801673906382,0.5407907262689391,1.0151539718158213,-0.1757196524566859,0.04274321877279064,0.28851895552934514,-0.06403125236749858,0.009630119138050492,0.005226150200653535,-0.0259927046853353,-0.016441496808221066,-0.12459885834888923,-0.01921560492806368,-0.026123429970401544,0.5116330112056856,-2.516901696637092,2.413802824590209,0.49337891226015507
3470.912,0.09243359971800724,0.5410983289574317,1.0152963148134495,-0.17655425370342637,0.04270461452894734,0.2847922797067973,-0.05658278489077518,0.010430218309274743,0.004839284981033937,-0.029450751100977494,-0.009441749732188486,-0.10318874228880008,-0.018227064238924395,-0.024912984114182277,0.49562084616772006,2.0033454222696943,-1.8655757740119725,-0.3920815480740335
3470.944,0.09065711423611116,0.5413209097165923,1.0154673301487402,-0.17725701475263986,0.04278527592959346,0.28168141146422776,-0.051765537254014025,0.0028622202122699646,0.006025910528064788,-0.016921400316889976,-0.011861972526635556,-0.10508981695259635,-0.0166874800224988,-0.023963366767577845,0.4845964511916807,-2.5368116953581845,2.429029473298711,0.6439487893738547
3470.9759999999997,0.08909426418220924,0.5414700454242184,1.0156139621135825,-0.17776732979155552,0.0427555097526638,0.2786154274253877,-0.04601271440641685,0.0028810670348627266,0.00398138620466339,-0.012149949124413851,-0.011840515116680883,-0.08680660797141584,-0.015884952980104734,-0.024162070931387454,0.4965649019631555,-2.4779687381185993,2.4510374582194654,0.5057641065638017
3471.008,0.08778724150915101,0.5416600423405925,1.0157102664492776,-0.17826696901848926,0.04279507724009046,0.2762499207215741,-0.03921362939883047,0.002396578989277224,0.003323873555742316,-0.00910458664369024,-0.009640474577631442,-0.06946634929061517,-0.015419843354553197,-0.02404783494449779,0.4939449117700863,1.9027745942347563,-1.852134083627406,-0.4075214092463754
3471.048,0.08635777469890485,0.5417587074278855,1.0158441773164848,-0.17862527939693362,0.042604189822171894,0.27359627024788236,-0.030637569195334533,0.0037413692668783888,0.0019854453040475104,-0.00684095317432354,-0.007795059415472535,-0.06198068678980966,-0.015016763396097144,-0.024368228579175446,0.5087753049502829,-2.4885452120978035,2.398287801811116,0.291255587385867
3471.08,0.08544112239885503,0.5418766043623168,1.015864154858542,-0.17889663594354405,0.04240246612652662,0.2717925959701546,-0.02465814915124111,0.001746883886030566,0.0012344809138608878,-0.005018687224326604,-0.012108483089761236,-0.05132476047522085,-0.013494171276427346,-0.02316070637668823,0.4940257932285017,-1.809191879566994,1.8016938361035544,-0.36340958437700355
3471.1119999999996,0.08481344460806547,0.5419663679806686,1.0159227362376768,-0.17913335905109806,0.04233702748181163,0.27038404292642687,-0.017553258069792667,0.0024220100382843206,0.0013601256488653512,-0.006861096642761767,-0.004736399251814752,-0.03333084307749059,-0.013594374135482784,-0.022415885997330586,0.4846147274425661,-2.539873224359449,2.433448666084581,0.6488234457626529
3471.144,0.08430097048663696,0.5419966172370146,1.0159586693149187,-0.17924786809883198,0.04219959881291572,0.26955454604962503,-0.011636801047714081,0.00015383502703229376,0.0005633469505212296,-0.00032556969952798344,-0.006240326596982749,-0.020849828974078548,-0.013532620037348373,-0.023379479476369255,0.496812573421784,1.9419220650848839,-1.801523671793052,-0.4974202124670468
3471.176,0.08408986713904634,0.5420818145789934,1.0159391941118283,-0.1793367978596525,0.04217649972109955,0.2690614814298937,-0.0054131482662447645,7.507969999234004e-05,0.000303815495536439,0.00032961027189425444,-0.0017248616415960283,-0.008520789831042873,-0.012045826287236204,-0.02241531283055416,0.4845783244092093,-2.541073146237882,2.4341556313882,0.6528279336610754
3471.2079999999996,0.08403466322756542,0.542041742088977,1.015963688185882,-0.17929276359693852,0.04211768611560096,0.26890357805354026,-0.001140437618050334,-0.0003066277341335318,0.00016995873545662385,0.00042915408353062285,0.0006436552704885441,0.0023107546803064765,-0.012045826287236204,-0.02241531283055416,0.4845783244092093,-2.541073146237882,2.4341556313882,0.6528279336610754
3471.248,0.08406964673696811,0.5420896829517854,1.015946952091314,-0.1793309220052902,0.04219364030346993,0.26893870225335326,0.00023582927486621736,-0.00036421870870490675,0.00011283022740951971,0.0003147572888201438,0.00046837623704242383,0.00033880036657767495,-0.012045826287236204,-0.02241531283055416,0.4845783244092093,-2.541073146237882,2.4341556313882,0.6528279336610754
