1893.2559999999999,0.21499264718969802,0.2979585215368805,0.8290132341058207,-0.0026368711429890124,0.001741152301526252,0.8025331696337197,0.023181569891133187,0.001464071314096701,0.00025683839521672605,-0.003660553636870757,0.007154061783539944,-0.001751327621635366,-0.1723081328369878,0.030875890893896033,0.9192133824608341,-0.0013949193252556834,3.1213643927729615,0.009209592803037904
1893.288,0.21587949528316552,0.2980208068467317,0.8289930593956565,-0.0026485110366026923,0.002077641379848893,0.8025573833994374,0.02752472786798359,0.0008545407815479189,-0.0006023214653572531,-0.0015831498282901928,0.0033020514747208393,0.0023067469277672017,-0.1723081328369878,0.030875890893896033,0.9192133824608341,-0.0013949193252556834,3.1213643927729615,0.009209592803037904
1893.32,0.21686772622788167,0.29805330229721666,0.8289819638842519,-0.0026792692516056918,0.0022137009213543824,0.8026546959596264,0.03356782542994456,0.0003083955069948411,-0.0008366023564766692,-0.001393422636685696,0.0030354682100561833,0.0035561269248405303,-0.17129454817377143,0.03095729293850108,0.9166492459318998,0.0030062225126915435,3.197257115906439,0.10991140647932504
1893.3519999999999,0.21803833226348393,0.2980765674045643,0.8289570531896912,-0.0027122593134286397,0.002241933224400588,0.8028838272315338,0.038783843803363374,-1.4644212132511058e-05,-0.000721056709631197,0.0014613447742075239,-0.0023454890518717765,0.008106419850705319,-0.1709446693421153,0.029862322991980664,0.9241480804809915,0.04525909683193501,2.808033990950917,-0.22755696517167323
1893.384,0.21935459963828194,0.2980394574937937,0.8289187679139648,-0.002696973479495681,0.0019771515888218263,0.8031367021338077,0.04469520277139756,-0.0002703141857583505,-0.0009235882097262915,0.0025701128308980607,-0.004446736204804921,0.013210558396935522,-0.1693798070165481,0.030880698901576686,0.9193305393964495,-0.001345348986360256,3.1221302714154335,0.009048538882495632
1893.416,0.22080442823578156,0.29802546143657793,0.8289138031807778,-0.002671003357171993,0.0017263138111565399,0.8034498962335116,0.05037587737378663,-0.0007498776529713616,-0.0009766870291473386,0.004330561683998392,-0.007932277065906341,-0.0027445497165423985,-0.1693798070165481,0.030880698901576686,0.9193305393964495,-0.001345348986360256,3.1221302714154335,0.009048538882495632
1893.456,0.22297913540332662,0.2979805260445899,0.8288703095892608,-0.0025834766110011623,0.0013214386609768933,0.8030913513937344,0.06011142023868495,-0.00011771351538149021,0.000815653694910506,0.0011194633250014205,-0.0017520232933932092,-0.015447958585643753,-0.16625666815120885,0.03084803898326205,0.9094869341348192,0.007404176859921249,3.1751355927524916,0.18504889185764778
1893.48,0.22448516549747533,0.29800277515785994,0.8288960071065801,-0.002606788660813379,0.0013881619590773453,0.8027571092093359,0.06512604449719613,-3.779273249997054e-05,0.0014885804295547806,-0.001298786841231753,0.00302576637909159,-0.01711552712723082,-0.1664511204813797,0.030885418044363774,0.9194449378982144,-0.0012961106629095255,3.1229058712740363,0.008888312641669718
1893.52,0.22722385509610424,0.29798001700338406,0.8289352669787461,-0.0025742022743662145,0.001596773522239743,0.8022075442858811,0.07184271091304605,-0.0007898867390110993,0.00015022962384345364,-0.0043570634803521855,0.009235990277124014,-0.006781575487917212,-0.1654545153989403,0.03096804395069942,0.9168606559735089,0.003365997889592291,3.200243309184928,0.11082666508512146
1893.56,0.230314429618607,0.29797352848126274,0.8289391046654766,-0.0026358037847535173,0.0019999141801424246,0.8023420102273049,0.08410096809363218,0.0013888938705479876,0.002284867892590796,-0.004663955764937293,0.010227201105558572,0.014996471117314239,-0.16352207125620535,0.030890048207281168,0.9195565204426999,-0.0012472264288396187,3.123690621028426,0.008729048640393092
1893.5919999999999,0.23317430031236727,0.29803565906561474,0.8289918465600774,-0.002589586937497457,0.002273721226276931,0.8027882278756179,0.08629472588885374,0.00015220956998792144,-0.00032415033848143574,0.002584467852654824,-0.004249322313935933,0.008341216917338004,-0.16059265734500294,0.03089458925739746,0.9196652291981883,-0.0011987184717413507,3.1244839361777053,0.008570888169761981
1893.624,0.23598508866778167,0.2979833424162026,0.8289607851621956,-0.002512294492924916,0.0017952879495794919,0.8025860464910881,0.09181807473508576,-0.0001272426415045831,-0.0009982550832464882,0.005191048170621134,-0.009789489075423435,-0.01646641905617358,-0.15669265091896234,0.030983529644822767,0.9171581700988601,0.003921320967111398,3.2048484227769682,0.1121965296936813
1893.656,0.23910499748830424,0.29804576360643004,0.8289738827298836,-0.0025755235402677287,0.001840008957594109,0.8021678877142064,0.09711542162136569,-0.00031295946894548577,-0.00018140612103088787,-0.0008716078327838142,0.0026805686396887177,-0.007297997040760723,-0.1547327274067433,0.03090340338935308,0.9198737921965594,-0.0011029204975471728,3.126093861819778,0.008258478799522203
1893.6799999999998,0.2415758542239532,0.2980679660952523,0.8289598218407144,-0.0025811401732503394,0.002168891153810805,0.8020734374096302,0.10237129066088509,-0.0008292526622143969,-0.0001717446419606074,-0.003773580126803593,0.00892869545378669,0.007402165415112017,-0.15180220733088215,0.030907676102396416,0.9199735288010935,-0.0010556750872631538,3.1269092422947304,0.008104549344607886
1893.712,0.24492567697162207,0.2980482751743732,0.8289955441943564,-0.002542845144620006,0.002208667163190282,0.8026035821179761,0.10903154488430215,-0.0009325347332727141,0.0007429069672905285,0.0026565103510647436,-0.004337393673960459,0.015589854829976985,-0.1488713144841319,0.030911858961669172,0.9200701562235718,-0.0010088950785577442,3.1277307295417938,0.007952363120456473
1893.744,0.24846172318256476,0.29801913900897586,0.8289627638245428,-0.002558398286256198,0.0017776790580741123,0.8026409226492273,0.11716333135501622,-0.0003382542572372095,-0.001402131567352232,0.0056532524356524925,-0.010965884664258834,-0.01585567686150895,-0.1450066907777869,0.03100298106896877,0.9175162315941299,0.004690356071913012,3.2112073046532568,0.11401988115529081
1893.7759999999998,0.25234857525444954,0.29800837059646457,0.8289730313356799,-0.0024924512684879707,0.001733182718414056,0.8022230434591382,0.12563370242250707,0.0008218284070165543,0.0022777462674035843,-0.0047464114519099624,0.011320835687080078,-0.0008973213896913856,-0.14208456703530553,0.031007630292008818,0.9175985315371095,0.004887620568247293,3.212833459976635,0.1144756365671499
1893.808,0.25646418614635685,0.2979714390840033,0.8289758708930285,-0.002532403539424124,0.001979596569052768,0.8024290362802818,0.1321759036838892,0.00019463359476776167,0.000338397027343018,-0.0003211468758909263,0.0021008368173315965,0.023387780812063066,-0.13837965986778902,0.029831363461793596,0.9235583919359086,0.043873627493129876,2.85188303282554,-0.24400151596125133
1893.848,0.2618077264843179,0.2979356106696024,0.8289567928504723,-0.002503125104198183,0.0016921071123301265,0.8025391414552762,0.13910207815895784,0.000376164798493586,-0.0004611748700386106,0.002281320420357592,-0.003854347069220365,-0.01470519449715954,-0.1342111890258726,0.03093141580859685,0.9205045252962227,-0.000782744445109243,3.1319070395937745,0.007224233641141007
1893.8799999999999,0.26646192515005507,0.2980140611880796,0.8290015955060513,-0.0025063344919125223,0.002125374439267617,0.802180594009501,0.14519316590194706,0.00041461724967305354,0.002264386544561606,-0.004388229393297763,0.011288513451808164,-0.001946962210881417,-0.13039348056193711,0.03102537227828095,0.9178974696069746,0.005696244736107276,3.2194717572348637,0.1163008223113843
1893.9119999999998,0.27113566441756,0.29803191808768403,0.8290016702681055,-0.0024735119528038647,0.0020811134471987636,0.802541608784711,0.14836149312948826,-0.000734639362453237,-0.0013049138206804654,0.006144947396880562,-0.012375277701499765,0.01778788812106621,-0.12541051669142694,0.030942051124731522,0.9207238662956869,-0.0006540185918147507,3.134443983934031,0.006821386549914779
1893.944,0.2760866424773671,0.29805258267611745,0.8289594096815053,-0.00242659127597472,0.0018888033027807448,0.802638763387294,0.15659384713003993,-0.0006300629885941529,0.0003839193150806567,-0.00032945446954485446,0.0015044045342993211,-0.015078009444134809,-0.1206510907954307,0.02981142626336067,0.9231136309950264,0.042858015543288004,2.8747887284824536,-0.252933956459565
1893.9759999999999,0.2811426401807425,0.2980064775702963,0.828965994380815,-0.0025798241562776025,0.0019792825410036934,0.8023634004144146,0.16295077306275435,-0.00029026454237844314,-0.0004498077580780246,-0.0038548638016936616,-0.004410517253290281,0.0010853623334108233,-0.11660634142940701,0.030951846640392394,0.9209100593544581,-0.0005311663802136101,3.1369822158593967,0.006452417106168148
1894.0079999999998,0.28649063398918273,0.29794164043373256,0.8289393433403381,-0.002498031661504759,0.0017519915639125283,0.8026525845898518,0.1714358348746782,0.00047840447177659173,0.000418246512484619,0.00037940532791582105,0.0007101943816562937,0.01124238391618093,-0.11073492839011899,0.030957902069071116,0.9210148260653941,-0.00045275713267503245,3.138666390195151,0.006229300542886428
1894.048,0.29353226774004376,0.2979387368507178,0.8290083493771737,-0.002531430482945485,0.00202045339581726,0.8022811374737858,0.1792600430356737,0.0006442337390164699,0.00043575532499994776,0.0005269461870654492,-0.002072504721891271,-0.016837521882683854,-0.10526450559961419,0.03091351690478158,0.910034508490174,0.014144633119550516,3.2141391691570202,0.19933367070203828
1894.08,0.2993442147901537,0.29797383405928557,0.8289819097102673,-0.002525001385307725,0.0018052378413234386,0.802196424025423,0.18124114234994926,-0.0006909351379144724,-0.0004086975087146386,0.0007824851835161161,-0.0014836823598788132,0.01880280277008807,-0.09999696547155713,0.029785591870238493,0.922472617664538,0.041446526828112513,2.900848511412634,-0.26327876309026643
1894.1119999999999,0.30526105635710543,0.2979586579030023,0.8290281664873878,-0.0024914438191580464,0.0018000528183827935,0.8026761452462652,0.18822483320800026,-0.0013671958537506644,-0.0013740718651357748,0.003723236810423454,-0.008537952417704936,-0.007563864580113162,-0.09529448028125531,0.03107037521724008,0.9184795167996441,0.008302350232993059,3.2404482841936124,0.12185319432952527
1894.144,0.31143953624732407,0.2979187126270712,0.8289942194953819,-0.002527681926252021,0.0014994586117968195,0.8021114178324552,0.1961069532065536,-0.0009861228982657715,0.0002717510241909138,-0.002773930736232542,0.00803205951068674,-0.006729666703988821,-0.08718855965501357,0.03058916389247272,0.9207939481551524,0.013220575226327861,2.859447328578734,-0.19913058186391874
1894.176,0.317829470980115,0.2978865770705297,0.8289369546966514,-0.0025273483492564675,0.0016314967110862971,0.8023740919898719,0.1936106945445484,-0.00141927094540415,-0.0016117239112610044,0.006843679781770069,-0.016557917115090047,0.022222262265384554,-0.08094342713972917,0.03043099633161235,0.9114348185707668,0.006531331044829386,3.034931230000757,0.30081764077798856
1894.216,0.32563675484850113,0.29783970558392747,0.8290013098157303,-0.002534892795450139,0.0017288892544659873,0.8021566478649835,0.18953270628926744,0.0023857802906651214,0.0008810831574678574,-0.010511726933994341,0.00528932258435783,-0.011506384460573503,-0.07547355253298821,0.030985812610384352,0.9212789266234535,-4.52033687420897e-05,3.148395324431956,0.0054765766034586385
1894.2479999999998,0.331581577122256,0.29790925339325786,0.8289693870068987,-0.00258306814445973,0.0016009338079517577,0.8019868302730703,0.17807821757001768,-0.0008745408733385568,-0.0017353067559385453,0.0034312099816194252,-0.012451099819603215,0.006538357994236156,-0.06959137220702605,0.030988968256826167,0.9212549464680823,1.2609928241549696e-05,3.149938904755378,0.005494139078241743
1894.28,0.3370695730551856,0.29788909448697426,0.8289803959409183,-0.0026103745419843193,0.0014474869819351033,0.8024644698662531,0.17318455161224214,-0.00039935589180989346,-0.0007528914811335773,0.0014736871254727982,-0.003055465572051081,0.013457422123220259,-0.06308540685149791,0.031100728520163868,0.9185518382516715,-0.01010412206523615,-3.0177572666987884,-0.1177022813125563
1894.312,0.34251599944325156,0.29789172415344894,0.8289103831882432,-0.002571331315110437,0.0011785976020227476,0.8025217687798026,0.1662757061293258,-0.0006483164359043004,-0.0012905297720599946,0.002981764704022028,-0.00751973971946119,-0.010077695428774463,-0.0558360558078619,0.029720244751417345,0.920589108498866,0.037634516136263146,2.9550246054284544,-0.2852236716536249
1894.3439999999998,0.3478783606075499,0.297922127618391,0.8289553959012225,-0.0026024335154993697,0.0014662628429054877,0.802148328192331,0.16444594662308565,0.000464147577148636,0.0006430099418402912,-0.0016024571263775261,0.005312652065030105,-0.00047510264711024433,-0.04923738907979075,0.03118677850981296,0.9224055439421309,0.020472233105944405,-3.3396476756911886,-0.09956480691400735
1894.384,0.35436923439652135,0.2979156885837646,0.8289972134033603,-0.0025820543920617198,0.001484825224475267,0.8024327999653394,0.15559174770686454,4.210179576831019e-05,0.000262484818446349,-0.0005121102267114925,0.0023059218853367937,0.023672785130483053,-0.045502713091950975,0.031112845011764926,0.9183879196446698,-0.011424037034778314,-3.0063529275848433,-0.11966069206272824
1894.416,0.35921043712154754,0.29787701260177313,0.829016276217408,-0.0025433327715987534,0.0016581605621505953,0.8027541467185343,0.147147372606445,0.0001871868415180795,9.098894210690527e-05,0.0007176991368318226,-0.0015177061241332863,-0.0035926542283295166,-0.03963965130238711,0.031116180831592722,0.9182999050776005,-0.011872493640435373,-3.002535005719082,-0.12033057679933533
1894.4479999999999,0.36376250768339646,0.29785462625168857,0.8289785807679291,-0.0025789516624937095,0.0013141713868962672,0.8023556940715444,0.13985449454231985,0.0002662514932060092,-0.0016565379919874924,0.0025554247141573072,-0.007096939141910278,-0.013608464185815865,-0.03233438691193807,0.02967916587577923,0.9192615566108941,0.0351787911546977,2.983304263690895,-0.2968910369557943
1894.48,0.36823243109131704,0.2978986002458473,0.8289680172519124,-0.002512660607067743,0.0015437541403930796,0.8020776540882064,0.1375064235451512,0.001841406889849294,0.0018638010709563471,-0.005203563900622993,0.015723013651051127,5.359838899069522e-05,-0.02838564100825554,0.030997898882354775,0.920416039641396,-0.00038789551541771813,-3.122082423182886,-0.007990266148498655
1894.512,0.3725246578947645,0.29795343615212083,0.828975914820344,-0.0025167204540054774,0.001655318806537421,0.8022791219782596,0.12725103603899726,-0.00036420378941475607,-0.0005719243412196437,0.0040945270413891045,-0.011723565063017406,0.014072284050131953,-0.022497141022163443,0.03099736539791522,0.9201883192645639,-0.00045106112060770904,-3.1201941306570316,-0.008938489484303367
1894.5439999999999,0.37653656042729905,0.29796706323351235,0.8289773019801803,-0.0025065874485238,0.0014690848901567043,0.802851560682924,0.1218700597908987,0.00013514152224323824,0.0009086809776592843,-0.001290701307682268,0.004190373051297307,0.015007887264531531,-0.016945905884195065,0.03037174345780677,0.9066371440936565,0.018612885901620142,3.093933173167299,0.33308701913475763
1894.576,0.380386540706221,0.298007648726552,0.8290307278019259,-0.002485526453671688,0.001898166042211782,0.8030535145802407,0.11394213740466687,-0.0012534347951336734,-2.8641928526748185e-05,0.0008099165683610873,-0.0021142541149616555,-0.005934188652160112,-0.013665105656649822,0.03099590785533733,0.919791782332701,-0.0005613165328524697,-3.1170673598745955,-0.010816593530111225
1894.608,0.3839052577084937,0.29798698943343266,0.8289878645345614,-0.002490029666759251,0.0015731587722715018,0.8027150841863786,0.10721119940008604,-0.0010966146837755536,-0.0026345420551685326,0.006460817187480036,-0.01953302610307823,-0.014542484677877448,-0.010308777846774713,0.031127528936486203,0.9176016475303992,-0.014180012274865173,-2.9834218373781116,-0.12383054037771134
1894.648,0.3880422677938231,0.29797702996884473,0.8289842210338912,-0.0025556216305472937,0.0013925578791010426,0.8023522040624655,0.10497494479960977,0.0006933690780892609,0.0015353814979713234,-0.004703125354556214,0.014024530753261297,-0.009252709603457284,-0.0048348593803674705,0.030993850872399142,0.9193284436663721,-0.0006985199459302523,-3.1135209696411925,-0.013360704896772041
1894.6799999999998,0.3913363144796578,0.2979659486618068,0.829025593072982,-0.0026168764312409477,0.0018523059790722758,0.8021345005902233,0.09267485443001536,-0.0007063981544996015,-0.0003828758091640542,-0.0011626311743580294,-0.007987140079419785,0.0032912496195187874,-0.0018920160225663239,0.030993072023208952,0.9191590852303952,-0.0007520956304200208,-3.1122364387799846,-0.01437987067504112
1894.712,0.39424541085201786,0.29794037136969387,0.8290444876780042,-0.0026719198155801703,0.0015566256972754469,0.8022997835665575,0.08778588863479664,-0.0010561651288897944,-0.0013467498481782906,0.004401602708188622,-0.016441100588775067,0.008622077078380284,0.0014304795576575715,0.031129553491609244,0.9171995690889817,-0.01513458716241158,-2.975800274593724,-0.1253036180546488
1894.744,0.3970086105870337,0.29795858962147,0.8290330394321431,-0.002649149581268185,0.001452462037937423,0.8028379846070548,0.08518552865829458,0.0012711891787190032,0.0015713844391521598,-0.0025644229914779343,0.007079096960070609,0.016277470956950257,0.006934312825596623,0.030990568896281122,0.9186062869780982,-0.000942592101957672,-3.1080627768103644,-0.018012048988542674
1894.7839999999999,0.40023823432651523,0.2979469837358203,0.8290747775120367,-0.002620503414110969,0.0019162436318015893,0.8031831484793149,0.07348723722426907,-0.00012551531326285398,0.0006175869297905064,-0.002070348127993571,0.006179037386510893,0.0008179224329223729,0.009875581261890141,0.030989700628276114,0.9184071430363425,-0.0010175988009339368,-3.106564447761717,-0.019425440181219236
1894.8159999999998,0.4024425223628525,0.29795893760552156,0.8290951338693254,-0.0026437182401238507,0.0018628607508965511,0.8032051916522573,0.05202697532248857,-0.004183205114817555,-0.002748258952110843,0.008463208263715912,-0.027236403703549766,-0.004609816771672695,0.012816378744719747,0.030988823120390252,0.9182005862814948,-0.0010991643312773794,-3.105013387633282,-0.020943744052713993
1894.848,0.40450970066297076,0.2979488215944487,0.8290758530806682,-0.002650448573574953,0.001609280869400275,0.8028676230380147,0.05271413208471915,-0.0023766372825562267,-0.0038819492419790644,0.007397958671263693,-0.0238224339559892,-0.009068285153331268,0.0154619784271209,0.03054032574313103,0.9174978010055715,-0.006337646739959867,-3.2651228205451543,0.2401444849154332
1894.8799999999999,0.4063099811670041,0.2979782971633689,0.8290410064638624,-0.002692719414445885,0.0012590197727724867,0.8024937454451078,0.05314708080389558,0.004636632958497491,-0.0014016530126075043,0.0012202933347029044,-0.004087434812337291,-0.008283502104513753,0.017494475298854274,0.029576144229754193,0.9156179496091663,0.029004425635689418,3.042575485275299,-0.32175161938265734
1894.9119999999998,0.4078045035900576,0.29820271437307444,0.8290565074284502,-0.0026230922445870867,0.0013035342908751222,0.8024681109921649,0.04339825785929472,0.007813694210207825,0.0004851626428269867,-0.0002637267591404041,0.000728779375525567,-0.00383213886321124,0.01869644709675106,0.030987048009728943,0.9177653248409662,-0.0012838841494195719,-3.101756915717431,-0.024297023673033023
1894.944,0.40912142855124334,0.298507495561534,0.8290815586943365,-0.0025879863926060675,0.001500372288771742,0.8024070412223306,0.04131914008259752,0.01123717983164135,0.0017936814895282572,-0.003667481085904924,0.011648230519541777,-0.0016981739753065019,0.02163566411980693,0.030986149812238562,0.9175366839292795,-0.0013879513038823207,-3.100054135705777,-0.026130140035691075
1894.984,0.41061604049740397,0.2990894514708689,0.8291066543956402,-0.002599010791936751,0.001849533293015418,0.8024765727825297,0.03371296830252051,0.01759805998032783,-0.0007275348190673551,-0.0013235083452584498,0.0040814922410399405,0.0005358312932790123,0.024574302116040343,0.030985240634344192,0.9173007649137812,-0.0015003864407016423,-3.098303612494456,-0.02806400586104176
1895.0079999999998,0.41131298560063106,0.29951657626372435,0.8290859241183377,-0.0026099029233727484,0.0017268866239193302,0.8024866130852746,0.02822313816394222,0.018821870811335493,-0.0012442072086013573,0.0011159711721796836,-0.0036967225570029697,0.0077321708472259006,0.024574302116040343,0.030985240634344192,0.9173007649137812,-0.0015003864407016423,-3.098303612494456,-0.02806400586104176
1895.0639999999999,0.4125931045214323,0.30070714660280423,0.8290768599990148,-0.002635521099383865,0.001318833880342799,0.802745945171534,0.021571503784050185,0.02430097859584492,-0.0008265055427908748,0.0018426162256103228,-0.005989064618212376,0.005159675908379528,0.027512337139455348,0.03098431559174443,0.9170576277124847,-0.0016215643639001384,-3.096507070248668,-0.030094598653823797
1895.088,0.4130804817254363,0.30133331446529094,0.8290262269469506,-0.002648988874171288,0.0011707385572186067,0.8029839440317827,0.016539547187925385,0.02641226148783668,-0.00208036395027057,0.0021315438761287174,-0.0066634597040755575,0.004665101252476374,0.027512337139455348,0.03098431559174443,0.9170576277124847,-0.0016215643639001384,-3.096507070248668,-0.030094598653823797
1895.12,0.41350802319185315,0.30220413842392485,0.8290144586781629,-0.0026614076065311996,0.0010331630726480468,0.8030415663690597,0.012773109986121444,0.029348369527862374,-0.0007942605857584107,0.0005036671330906076,-0.0015017363999421335,0.0025132752401374175,0.027512337139455348,0.03098431559174443,0.9170576277124847,-0.0016215643639001384,-3.096507070248668,-0.030094598653823797
1895.1519999999998,0.4139538804518875,0.3032470122286009,0.8290382648297259,-0.00262570744535248,0.0012729718318583354,0.8030875278697609,0.013130480608649972,0.03465485292656413,0.0013735760751500525,-0.003016845294246231,0.009516084549913364,-0.0005918540286290838,0.028993437769314227,0.030820807866280508,0.8991452721877315,-0.018087426174626227,-3.0263943565213633,-0.2767329962819263
1895.192,0.41447204213882044,0.3047499782417614,0.8290816093390743,-0.00260913312678457,0.0018584803159387175,0.8027006381998947,0.008079958519689779,0.03883059040533207,0.0010902838702380466,-0.003648759019931047,0.011135567914515927,-0.01622322965821396,0.03044974655039111,0.030983368010720037,0.9168073483569548,-0.0017518121763236087,-3.094666279729239,-0.03221659801786329
1895.216,0.4145845907641403,0.3056890186111509,0.8291160342216262,-0.002530487526942735,0.0020700993559071806,0.8022430039951169,0.0023367159452200546,0.03956172374781087,-1.1533455855643343e-06,-0.001668863643656699,0.004812352651005436,-0.017284198654109705,0.03044974655039111,0.030983368010720037,0.9168073483569548,-0.0017518121763236087,-3.094666279729239,-0.03221659801786329
1895.2479999999998,0.4145840073493539,0.30703859898836167,0.8291133560611461,-0.002557623201911945,0.0020780757470670406,0.8018796146153997,-0.0011407195133857674,0.043739508102592424,-0.00018551443917767146,0.00019319290283408022,-0.0009242341983340226,-0.002973067976452963,0.03044974655039111,0.030983368010720037,0.9168073483569548,-0.0017518121763236087,-3.094666279729239,-0.03221659801786329
1895.28,0.4145499592721144,0.30848347492352274,0.8290945667652387,-0.002566428035420946,0.0020104089670695746,0.8020680092719485,0.004865311155536448,0.04743058885401827,-0.0005596667878499737,-0.00037948662539157447,0.000973339021121336,0.014688138161078144,0.03044974655039111,0.030983368010720037,0.9168073483569548,-0.0017518121763236087,-3.094666279729239,-0.03221659801786329
1895.312,0.41450367641043884,0.3100595100676305,0.8290814568350403,-0.0025930465309820226,0.001870251379960122,0.8025797540276376,-0.0034323885484183352,0.05311972939576372,-0.0007578754555368208,0.0016628920962916327,-0.005247296309925462,0.01577330828902801,0.031871356628788906,0.0308172738088406,0.8988840447849055,-0.018597372063999765,-3.0238227346031814,-0.2774213916753093
1895.3439999999998,0.414398168165096,0.3118480799128436,0.8290100160666765,-0.00260931528116714,0.0015430157091786577,0.8029475989875339,-0.005517722632305959,0.05931720619360505,-0.002051451785420608,0.003872824658351964,-0.01177296657909359,-0.0004203372173732112,0.031871356628788906,0.0308172738088406,0.8988840447849055,-0.018597372063999765,-3.0238227346031814,-0.2774213916753093
1895.376,0.4141904693499223,0.3138293831712738,0.8289977407251738,-0.002668887002710442,0.001104973026492112,0.8026670079399054,-0.003073208885999215,0.06644937873348386,-0.0009166630682459314,0.0021710129379989697,-0.0065079675791479994,-0.01728504690527912,0.031871356628788906,0.0308172738088406,0.8988840447849055,-0.018597372063999765,-3.0238227346031814,-0.2774213916753093
1895.416,0.4141842064881651,0.3167038781399289,0.8289971718178336,-0.0026494248716778888,0.0012272699371702134,0.8025277784478276,0.0006315694674643641,0.0750243909941241,0.001029653503054015,-0.0031383396360887294,0.008953413200557422,0.011246473052772463,0.03082170340982763,0.029695732969333515,0.8996887616192935,-0.0039919028497981774,-3.151934711560205,0.3870515054320046
1895.4479999999999,0.4141347693531427,0.3192475807031471,0.8290251002435037,-0.0026445274559450233,0.0015237244633543629,0.8030976899046641,-0.0007437819836530484,0.08019993562392648,0.00127538806072607,-0.0041949649123883105,0.011669790160762267,0.011587879581054254,0.030793506011524197,0.028960208590507363,0.9024519755121296,0.01577156903259855,3.1172400356648717,-0.4521957639244784
1895.48,0.41412359689580297,0.3219736205230401,0.8290726480098183,-0.0026135626366497406,0.0019051301261230663,0.803020119586417,0.0021271291065512623,0.08543702465631944,0.0008500673781965833,-0.003592220541434353,0.00946229592536698,-0.02292958986729252,0.03108113410801348,0.03063122985191954,0.8919356033721686,-0.00639428723502001,-3.085903743270608,-0.30922393347329935
1895.512,0.41406768563604857,0.3247881868712405,0.8290480203304269,-0.0026302746727791546,0.0016955769107252633,0.8025689546324347,-0.00039328857030669325,0.09215171127546361,-0.0010007308598545448,0.0012901578307580213,-0.003913181946388815,0.005757302779779265,0.03082170340982763,0.029695732969333515,0.8996887616192935,-0.0039919028497981774,-3.151934711560205,0.3870515054320046
1895.5439999999999,0.4141131251172289,0.3278704441548829,0.8289990326715257,-0.0026814438443848814,0.0014762286694980488,0.803100600906905,-0.00010959470425836532,0.0999876805103667,-0.0019786622106064086,0.0034925158286096465,-0.009711003305218666,0.003926213257223132,0.03191684153287994,0.030824030533749592,0.901599289065701,0.02605228945968633,2.9891095038049773,-0.17139118807137035
1895.576,0.41422386383805276,0.3312067703068247,0.828959614758422,-0.0026204970019777694,0.0015572749806774444,0.8026963676186166,0.004026181122840649,0.10851192026141641,0.0005012548854214952,-0.004781429091798693,0.012241598257136076,-0.01689225402925391,0.030710449777879508,0.03170456661625305,0.8912165504281241,0.012051780555360608,-3.2321301151473167,-0.12431599152392973
1895.608,0.4142482555360072,0.3348068930827952,0.8289859793331148,-0.002681431564679261,0.0020624517081538297,0.8028802028973896,-0.0029196370333858168,0.11156568348190685,-0.0006018170026631405,-0.002297225200528136,0.005348525563801465,0.014290098167860293,0.03101243409609478,0.03152327871823083,0.8904249507195603,-0.0018437524877398025,-3.0933982414556356,-0.030697237994956522
1895.6399999999999,0.4142102767906369,0.3385738402757222,0.8289676768798935,-0.002638474912581265,0.002144451424695434,0.8030865787101348,0.0007216058021444026,0.11805140172047064,-0.0017629335972225166,-0.000125763244782004,-0.0005329806154158513,-0.0220142653462693,0.03101243409609478,0.03152327871823083,0.8904249507195603,-0.0018437524877398025,-3.0933982414556356,-0.030697237994956522
1895.6799999999998,0.4142804514385979,0.3434189455850976,0.8288426457796447,-0.0026920295513595677,0.0018416940791682222,0.802785237226519,0.0018718382903183599,0.12707981041973404,-0.0020293695916601133,0.0005935445377348477,-0.001971948786641557,0.016922854466872764,0.03101243409609478,0.03152327871823083,0.8904249507195603,-0.0018437524877398025,-3.0933982414556356,-0.030697237994956522
1895.712,0.4142582201378439,0.3475516336291935,0.8288363841379315,-0.0027107162653889046,0.0019479388499613762,0.8027385823221516,0.0007620947559118415,0.13330707734186426,0.0014532185731077052,-0.006119298367652772,0.014054262240835972,-0.02388603625561016,0.03107035695957677,0.03179495927947793,0.8771560937635995,0.0077499520807795975,3.003393055059962,0.051771437075965564
1895.752,0.4141988733344765,0.3531278646827501,0.8288168207618939,-0.0026850612932826897,0.0020616150912236304,0.8029633097085943,-1.0024654387098563e-05,0.14097794549765943,-0.00016325932094590396,0.0025700548355578265,-0.006773617173527671,0.011454470302968069,0.030048141475233527,0.031791811452141654,0.8760593211100824,0.0033749681001112824,-2.924997776881017,-0.07035573310523355
1895.7759999999998,0.4141898694711423,0.35661521685547837,0.8288060666675161,-0.0026428588361848172,0.0018749542575982622,0.8027501898942047,0.0002234314961332495,0.14474366797255475,-0.0006877967006958029,0.0021158106208266866,-0.005676089784984978,-0.023443214375049874,0.02985577272500961,0.03210199942350783,0.8710202058092552,-0.005328258037144347,-2.919715960273399,0.039175152129468295
1895.8159999999998,0.41423071592154614,0.36257622011796,0.8288921976487484,-0.0027073481854283724,0.0021599056115246375,0.8028536021035515,0.0005505696851001015,0.15397190224144736,0.001525844438539905,-0.003888408792740146,0.007899697387326108,0.0008010011622959491,0.03179535476591231,0.032029616274220664,0.8640245144172651,-0.01805182433958458,3.065144451445009,-0.32057611374256223
1895.848,0.4141685846448193,0.367598882251734,0.8288761585062161,-0.002701328966546739,0.0019193863287282743,0.8026597880520956,-0.004694578475064443,0.15926645564510516,-0.001683189382528315,0.007552050443577472,-0.017360568972275763,0.0064910789153969604,0.031269672329371966,0.03156208390526863,0.8656887477041793,-0.00392638825308068,-3.2317004664904667,0.24168432978682475
1895.8799999999999,0.4140213368877974,0.37283032957100287,0.8288990998779792,-0.0026794602250128623,0.0016922088748170978,0.8030159184473119,0.00028303690877089043,0.16736527913324822,0.0032269792376565225,-0.0060363383096413625,0.012333018041418049,-0.011113079435190475,0.03179535476591231,0.032029616274220664,0.8640245144172651,-0.01805182433958458,3.065144451445009,-0.32057611374256223
1895.9119999999998,0.4139113003410034,0.3782512647715251,0.8289374085371748,-0.0026768335530623646,0.0017095233608842618,0.802856989337984,0.0007254544221523192,0.17301566222320522,-9.690371755755723e-06,0.001955179462228312,-0.00463433843315455,0.020276059226438176,0.02993032047870462,0.03352111580291498,0.8559026425391737,-0.02598938568278816,-2.8866403493258406,0.08313957375061588
1895.944,0.4140497237530619,0.3838509632958687,0.8289357193867352,-0.0027029029775254595,0.0015787272009709483,0.8029001872886153,-0.0034803692980206026,0.17863454399822626,0.0008105402390537399,3.099973603144042e-05,-0.0007118968645619586,-0.02173308074713734,0.029213848751568405,0.033656473268769034,0.8518309454859767,-0.03770588171213219,-2.9282687651063752,-0.06764927923172664
1895.984,0.41407410043842485,0.391368037845242,0.8289640298907682,-0.002766696273925368,0.0020308196560942554,0.8032985670243085,-0.0014092342355234131,0.1875825639631618,-0.001221308177798786,0.003943092588588209,-0.0087539839778825,-0.010643644180321984,0.0294219470998991,0.03441053824297739,0.8437425976549775,-0.006246656493832263,-3.0865307791731866,-0.2864585202110277
1896.0159999999998,0.4139579852693477,0.39738690628692325,0.8289245911572763,-0.0027256723465666046,0.0016310854596150303,0.8029560621579858,-0.0013437961092379255,0.1930345046666287,0.0008209982085160864,-0.0034910296648577874,0.006216280597913569,0.014121798246130666,0.02961992493972791,0.032498730225633,0.840928972080167,-0.017520692802705254,3.064831724402419,-0.3156887435385687
1896.048,0.41409564539742455,0.403416446941038,0.8289567616427629,-0.0027441400122814787,0.0017455526192351547,0.8024578999936798,-0.0015207782559680662,0.19016767014840663,-0.00041217856365895997,0.004568969591503743,-0.009375017772780528,-0.014681225911742292,0.029030029200582175,0.034796745933086376,0.8399956455091183,0.002426442010332014,-3.0023026619808095,-0.20510916122405587
1896.08,0.41407699689880023,0.40954066823417073,0.8289324710177489,-0.002673769375113603,0.0018082260673542724,0.802883287457756,-0.0009872264371862598,0.18466771336533294,0.001354800785346186,-0.005095546231161436,0.008774807333865587,0.0013226262737480918,0.029347523118944865,0.035213024372075775,0.8420985865842755,-0.002032269201338105,-3.0918916086653994,-0.02501316557433891
1896.1119999999999,0.4139345716707298,0.4152557755033801,0.828960263491674,-0.002751795827801036,0.001744964789847139,0.8024453682594551,-0.00446847391125456,0.17445429799908704,-0.0012784802397620345,0.0073274843146801305,-0.013827049388871587,0.010855506120374772,0.029347523118944865,0.035213024372075775,0.8420985865842755,-0.002032269201338105,-3.0918916086653994,-0.02501316557433891
1896.144,0.41385867628875556,0.42066320792336137,0.8289747427726953,-0.002696186205580358,0.0013892439306966249,0.8026681109641609,-0.00019998838265083047,0.16990704772177417,0.0005540751716744892,-0.0018342996627442895,0.0028567997403334154,-0.010964732769747234,0.030148660517861872,0.03522607056706062,0.818879610338608,0.012054625882154831,3.0903141061382833,0.1920035701012559
1896.184,0.41399848799716726,0.4274145525214815,0.8289950444288318,-0.002760853807663276,0.001760202110857606,0.8026473248271214,-0.0050412040156059155,0.16034995712393726,-0.0016706717944851783,0.008709821346187365,-0.015567455851144548,0.019450833782557145,0.02989518329945532,0.03559847577248772,0.8197551115914717,-0.0021260685206857233,-3.090722680988543,-0.02354934323253296
1896.216,0.413955855519313,0.4325290340801904,0.8289823680111217,-0.0027784114786063422,0.0015446106715394396,0.8026303255259468,-0.0003593538389309128,0.1547140714317167,0.0014823630690650991,-0.0013182644405116707,0.00199937287366843,-0.021765520328382436,0.028581503055785322,0.035430155242358735,0.8056098473764959,-0.017590239603182622,-3.0300743210114103,-0.24820567521783077
1896.2479999999998,0.4139054875490117,0.43730370010101693,0.8290328167885467,-0.0027877400110640272,0.0016536449075148607,0.8024113866227163,-0.002338878718626275,0.1468942149771763,-1.3550060116112975e-05,0.00462137141893424,-0.007883328361297019,0.016253126487002403,0.02989518329945532,0.03559847577248772,0.8197551115914717,-0.0021260685206857233,-3.090722680988543,-0.02354934323253296
1896.28,0.4138620194768132,0.44186179454955854,0.8289870811815472,-0.0027034942382965074,0.0011948411095098232,0.8025641331394694,0.0028138465406526867,0.14608047073262198,-0.00029773490859001585,0.00018351017099229,-0.00032040661069440804,-0.012815578864050959,0.027541352480610556,0.0355916167401006,0.7969971170998923,0.0018851973368828622,-3.0047097015928292,-0.19119591673260544
1896.312,0.4139048601562152,0.4463234421603226,0.8290229248619403,-0.002751247536249608,0.001486403340298327,0.8022503355014762,0.0029360976498227363,0.14122225608659483,0.0010899283976247673,-0.00826837860488162,0.013416748647614591,0.015360211273468177,0.027854512138081544,0.03596576761810295,0.7987713809529895,-0.0020945387687471813,-3.091385557144727,-0.020468691667211384
1896.3439999999998,0.4139309263783358,0.45072591961494385,0.8290269468685771,-0.002769160612138565,0.001647932262425209,0.8028594314109117,-0.0023606623898496243,0.13044656274874414,-0.002174082799398008,0.007988383382885895,-0.012765622712224617,0.0017456462931031104,0.027854512138081544,0.03596576761810295,0.7987713809529895,-0.0020945387687471813,-3.091385557144727,-0.020468691667211384
1896.376,0.41386924554298815,0.4547341806596238,0.8289910150289339,-0.0025232238548640647,0.0014031608165399527,0.8023296469423429,-0.0006855617041850564,0.12443795098163538,-0.0008971905652594335,0.0032225053321434717,0.0034862795744987395,-0.011537038616214747,0.02828530508780947,0.034625258290985,0.7862140681320182,-0.0023428186243480745,-3.1453784962089046,0.37743531604592057
1896.416,0.414025475045337,0.45951265926204227,0.8289891406225809,-0.002501545537713595,0.0019085923198401836,0.8025184984577144,-0.0012168113081544689,0.1135468468410866,-9.171815862085826e-05,0.021795183702402823,0.004721592468693052,0.019820082276438677,0.026893170661182575,0.03642870470374618,0.7842158973851311,-0.005970753068187036,-2.944187188015995,0.0465657745033711
1896.4479999999999,0.4140065187773767,0.46303273570772546,0.8289904060398418,-0.0024198746028947058,0.001478975385640271,0.8025662794914143,-1.915977744973955e-05,0.11097877562632301,-0.0008451947407197621,0.016115241714968153,0.002239307875353933,-0.008126722166482882,0.026893170661182575,0.03642870470374618,0.7842158973851311,-0.005970753068187036,-2.944187188015995,0.0465657745033711
1896.48,0.4140642607543576,0.4664551732416792,0.828988131367579,-0.0024103105749523246,0.0016127464793766755,0.8020748140033863,-0.0015286882647017038,0.1063546023674551,0.0012316755262978074,-0.024625365557278386,-0.003323862425936574,-0.004119995164165293,0.028728183473205392,0.03624221316802131,0.7780886274694462,-0.017106140545776038,3.0699246573166854,-0.30883630146184515
1896.512,0.41413912416963844,0.46978504504813606,0.8289941549872178,-0.002635147678766524,0.002128505431803919,0.8024363454693095,-0.002410786861797735,0.10014205584926,-0.0005791681117144283,-0.011982118749076556,-0.00787784362999927,0.020866393479375404,0.02684962359694232,0.03719741734182196,0.7768116796194133,-0.03632018575122329,-3.005539067016365,-0.184550088963515
1896.5439999999999,0.4140459316510102,0.47280284148677737,0.8289712738137583,-0.002483748926706216,0.0018261078407718783,0.8029060158657724,-0.001935507082523172,0.08855941247330273,-0.0011383645813834607,0.025762763391779214,-0.0003073924409702226,0.002976902327484941,0.02684962359694232,0.03719741734182196,0.7768116796194133,-0.03632018575122329,-3.005539067016365,-0.184550088963515
1896.5839999999998,0.41383023313691475,0.47615081500097045,0.8289709725080492,-0.002407393019137231,0.001207418845345023,0.802437816345977,0.0004494133521674853,0.081763670102541,1.5892643084494574e-06,0.00040089067487821087,0.0026132447819427434,-0.017818032694488724,0.02710472516789784,0.03775460747031096,0.7650147183265129,-0.025224517310340915,-3.0240683845172645,-0.12764727960925046
1896.616,0.4139109876778727,0.4786938355469539,0.8289852550972532,-0.0024146783634177113,0.0016152177654266196,0.8021533741449878,0.0025163997438844574,0.07590896926729496,0.0009328983896381058,0.004032024579094585,0.019175145571026227,0.00544591663183256,0.02658986294929201,0.038427285320428654,0.7614485048476018,-0.005969223771587502,-3.0875035421866337,-0.2471494506203663
1896.648,0.4140473668629755,0.4811061366304084,0.8289855189554896,-0.0026200415688320843,0.0019980419636570538,0.8024456114812398,0.0002319319422311224,0.07290727686832484,-0.0006780258608974569,-0.017586055021951163,-0.012866411198907066,0.020126446744095042,0.02658986294929201,0.038427285320428654,0.7614485048476018,-0.005969223771587502,-3.0875035421866337,-0.2471494506203663
1896.6799999999998,0.41402103306242455,0.4831420755415236,0.8289724217343584,-0.0025078379126116197,0.001678173980147318,0.8027504329900499,0.0007384273699047486,0.0606381937016701,-0.0008529789667442732,0.024059728095894184,0.003989150047887735,0.009603719491253689,0.026840673721049948,0.03656886721072549,0.7593491473951588,-0.016626677365805018,3.069830899773774,-0.30350334457967887
1896.72,0.41406024273725794,0.4855157314336062,0.828930846637917,-0.0024453354663023573,0.0013610820327768778,0.8026942002531318,-0.01121185566897603,0.04685940689222723,0.0005804728467912738,0.03242952695167419,-0.003773904780345993,-0.00610383748911754,0.02658986294929201,0.038427285320428654,0.7614485048476018,-0.005969223771587502,-3.0875035421866337,-0.2471494506203663
1896.744,0.4140223505536179,0.48679286520151904,0.8289556824355587,-0.002521173968166891,0.001355286785480065,0.8024744563526659,-0.0004227075908595094,0.05213866669887109,0.0007836446033928773,-0.012640030528147602,-0.0026671921804874666,-0.013321795427431794,0.027565206538720216,0.03900462982455539,0.7658824218017779,0.02066078371992972,3.1211890810482075,0.12282402304660399
1896.7759999999998,0.414081247155414,0.48829696698873776,0.828973106281034,-0.0024360710803225097,0.0016601782558089949,0.8020610569038527,-0.0011950503035075685,0.042409497311856795,0.0010408360768731255,0.01284299030004113,0.016879838919789298,-0.005607000529202015,0.02658986294929201,0.038427285320428654,0.7614485048476018,-0.005969223771587502,-3.0875035421866337,-0.2471494506203663
1896.8159999999998,0.4140622675312651,0.4900287609273923,0.8290388981083672,-0.002580581193811272,0.0020291571151177636,0.8019595626883185,-0.0001524982469070936,0.040234749630277636,0.00276262246220424,0.009589138225785806,0.010933697858966276,0.006432165478839509,0.02650749684710191,0.03907809185243032,0.7595935813975155,-0.002304354343502165,-3.0900801954462254,-0.01527082398129374
1896.848,0.41402956045526257,0.4913535150792419,0.8291907545712852,-0.002716400989768633,0.0021245189744052086,0.8023995027592005,-0.0005656280366880448,0.040700080280429464,0.006409797169805408,-0.01744740255618541,-0.011833946085327573,0.01073759258882415,0.02650749684710191,0.03907809185243032,0.7595935813975155,-0.002304354343502165,-3.0900801954462254,-0.01527082398129374
1896.8799999999999,0.4139463205919759,0.49244515132646566,0.8294476084134086,-0.0025717422816774853,0.0017392906862677342,0.8027190968503674,-0.0017400066373943418,0.031331338988955085,0.00970306342613094,0.02620666405677758,0.006554910643665187,0.01178995098349261,0.02650749684710191,0.03907809185243032,0.7595935813975155,-0.002304354343502165,-3.0900801954462254,-0.01527082398129374
1896.9119999999998,0.41388564006808437,0.49351118143677986,0.8298145932794636,-0.002477737592514306,0.0015324204499288184,0.8031109207888282,-0.002057198404173326,0.029666214440641714,0.011843576231142842,0.004385070517996454,-0.011143576000413654,0.004249956975607833,0.02650749684710191,0.03907809185243032,0.7595935813975155,-0.002304354343502165,-3.0900801954462254,-0.01527082398129374
1896.944,0.41389103914569275,0.4944527311492856,0.8302947488266654,-0.0024692910796380225,0.0013186164683165478,0.8031912262090023,-0.0005324311262800369,0.027666830450520707,0.016014852362224614,-0.003187070025201788,-0.010769551689326277,0.0021237576896265004,0.02650749684710191,0.03907809185243032,0.7595935813975155,-0.002304354343502165,-3.0900801954462254,-0.01527082398129374
1896.984,0.4138472465568526,0.49546431863677226,0.8309849556441148,-0.002465337520215114,0.0010677948477854824,0.8032481059645508,0.0015310577222764988,0.02379814682381639,0.021178002622750314,0.0019981080446073015,0.002406110160701029,-0.0015691247531499468,0.025254139702637905,0.03805294862369792,0.7466471098685882,-0.02470598423397195,-3.0254841861010378,-0.12383300675521927
1897.0159999999998,0.41389165518185805,0.49615421023547346,0.8317699617097978,-0.00245861923106958,0.001208654969860489,0.8030899654925197,-0.002758275471958505,0.018460794192222123,0.025050072091827587,-0.0013524198567863629,-0.003532453908823055,-0.008433769081019905,0.024388524524132094,0.03664165226316899,0.7402392581886104,0.001353759965417815,-3.0093553709506025,-0.17076862062341266
1897.048,0.41389489425863135,0.4967857582407376,0.8326354910595356,-0.002512796501787372,0.0013350252735732757,0.8028236661353292,0.0033921743206271936,0.01828700035822415,0.030413178444176046,-0.004716339859852743,0.009204907856539282,-0.009999740711363843,0.02572098288530091,0.03688391781591274,0.7475496253486066,0.02004962508170295,3.119698211011629,0.12231831169850041
1897.08,0.41403687913072607,0.49730417523332343,0.8336942734643038,-0.002521516958187964,0.0017129474810474823,0.802534284718332,0.0017503025888238085,0.01371891187991892,0.03676264070025856,-0.0035327031134191403,0.007005273182024807,-0.008660711334668324,0.024776182496205234,0.03634418100659395,0.7435186707348822,-0.005573229799415334,-3.0894697363856873,-0.24187175879661665
1897.1119999999999,0.41392782030521774,0.49760871625006886,0.8350259786022715,-0.002535566188938761,0.001660790747063872,0.8023054699302241,-0.0013051615946628255,0.007985654630726218,0.042755454917686675,0.0002646475495363576,0.0005964306754606409,-0.004595412260651302,0.025079751282959233,0.03418461632819117,0.7434491276383596,0.007818154459592875,-3.0030452112549404,0.2049983697476465
1897.1519999999998,0.4139460592063114,0.49788578423763863,0.8369525900928213,-0.0025923229722557817,0.0018023536338734897,0.8022092475270476,0.0014907615908818564,0.004319127999261814,0.05178277575295527,-0.001336574235949017,0.0024705684064763845,-0.0019194570424256577,0.02562380868247917,0.03469920954057686,0.7469763476602618,-0.005600852734910086,-2.956215170768945,0.04537768301369603
1897.184,0.4139830238555116,0.497916175501007,0.8387675372554726,-0.002596753023090311,0.0017667239108667282,0.8022093648388368,0.0024858897622435793,0.0018330711584260092,0.059323841665109914,-0.002253137672023953,0.0036040287257876878,-0.000956755098694267,0.026507880438722795,0.03421109845659439,0.7597186128501637,-0.002024835425287676,-3.091761628685374,-0.01714635966102608
1897.216,0.4140179536341966,0.4979503689102167,0.8407556502828221,-0.0026075763478946804,0.0019320025550925784,0.8022574486923317,-0.0019682097193030883,-0.0013440102556900937,0.0629034367392899,0.00014706403678376627,0.00019061416548025092,0.002638633701940002,0.02561774881094134,0.03230761789540082,0.7469601729819839,-0.005225481234829957,-2.9559013561639147,0.04234123312666333
1897.2479999999998,0.4138921229585023,0.49783332549565446,0.8429536939589877,-0.002625025548267766,0.001729882090734106,0.8022339684961977,0.0018501869521813051,0.001404385231727196,0.0718823963627521,-0.0037385661278233583,0.005555679630801377,0.0007720692338225577,0.02690543345015931,0.029358452956699983,0.7425658371132001,-0.003147818797081461,-3.2041282040714303,0.22912453054974943
1897.28,0.4139123572817427,0.49787337778890894,0.8453106566060744,-0.002596052216221494,0.001830269475718426,0.802318453502711,0.0020779733533365747,0.001576403411182573,0.07652062438684104,-0.002802742991918367,0.004220470072036206,0.0005024675992172761,0.027155434198379694,0.029212460652535164,0.7434433834042895,-0.005893268601811675,-3.087815356072413,-0.25444926765494713
1897.312,0.41397993900194036,0.49792676506926525,0.8479050076706891,-0.002643641222319816,0.001988256293870529,0.8022947592909008,0.0005894650988891101,0.0005227230228218792,0.08279674224617839,-0.0014811575948156382,0.002346887696243518,0.0013873733642373192,0.02694230543064816,0.02575125376139946,0.748631844710572,-0.0027055248405149237,-3.1431049878262924,0.34920031848906646
1897.3439999999998,0.4139284215633135,0.4978990112654149,0.8507644564324192,-0.0025996619112894433,0.001965994688569335,0.8023309369623649,-0.00041822028666249595,-0.0001838060300583437,0.09105854149136997,0.0019525930184612055,-0.002475850084923021,0.000620876239251973,0.026509839027162196,0.02447101203389333,0.7599102622551986,-0.0015083785179492762,-3.09476926028428,-0.020004388268876103
1897.376,0.41392375883438776,0.49788673113543674,0.8538005833061936,-0.0025479926522258456,0.001908386549920901,0.8023911779906416,2.5515537718215224e-06,0.00012587745500362745,0.09560060082310824,0.0008450813375024136,-0.0009555392020204542,0.0015019143131562314,0.026889046651252704,0.019874997647818592,0.7426575482370669,-0.004332610514449744,-3.2031663204086254,0.2062635600611169
1897.408,0.41397710410689004,0.49790828569114537,0.8568973557392862,-0.0025998265854354314,0.0018652371798940836,0.802391211358247,-0.001649705461539113,-0.0010443094651062656,0.10361545512121541,0.0033284162392862877,-0.004422848384042045,0.0006412019059915816,0.025586524514287994,0.017962097114407875,0.7467936346468869,-0.0029405879304227572,-2.95394406032282,0.024039187285909522
1897.4399999999998,0.4139271018723017,0.49788414676698217,0.8603044712152333,-0.0026011276454836843,0.001594479565358789,0.8024752294484976,-0.003596086535243167,-0.002414679781193083,0.11101270012369274,0.00715357149055262,-0.00991854975596098,0.002081255796808133,0.02558216506597948,0.015571856382782846,0.746754051281236,-0.002554299823410347,-2.953604044739921,0.020975842148454424
1897.48,0.4139407952467108,0.49788440232700837,0.8648349028470128,-0.0024927587683221406,0.001400833051973286,0.8024271969411502,0.004311584368708281,0.00325200791927715,0.11832200075826138,-0.0031575793933344126,0.004494112750256244,0.0008962623449916897,0.026917163056011613,0.01140359921402816,0.7486655442201472,-0.0036506607404845834,-3.14207212877116,0.31678966222234434
1897.512,0.4140091651594219,0.49795209045968924,0.8687028037029375,-0.0025291560265017715,0.0014002223615275306,0.802451113046857,-0.0008532604570497047,-0.0004329534269100188,0.12451327632829338,0.0032978580124771056,-0.004522756735607289,0.0008463338220215091,0.025570519973228043,0.008402331561101721,0.7466146682795533,-0.0013859237243675035,-2.9525586411065725,0.011764987092800555
1897.5439999999999,0.4138906084305151,0.4978834468802561,0.8728747340465226,-0.0023929131419184483,0.0011370659827735798,0.8025107857019967,-0.0050822716788495705,-0.003447572595657685,0.131748546328272,0.00663073910664079,-0.00917997781091618,0.0008531277462233567,0.025255106198885012,0.004605219193184506,0.747297520098468,-0.021610436169650128,-3.0270763438681647,-0.16683434588843554
1897.576,0.41379064825772743,0.4977945829889124,0.8771585714833376,-0.0023403476522218217,0.000741792036535185,0.8025108700275285,0.004541321942361429,0.0034447418470470513,0.13741681276352052,-0.004235901252112449,0.0060166877318967695,0.0006031209207730821,0.026706528107207472,0.0008565644883710079,0.7499920466535908,0.01069115126511531,3.0179004838631203,0.09845773399000125
1897.608,0.41380770510193465,0.49783814366484513,0.8817221027996494,-0.00234367609654167,0.0008770946372796913,0.8025829578118066,-0.0005478627211077789,-0.0001849565799180862,0.14465324988355735,-0.0013364552038224035,0.0019618863100230033,0.000918482345083836,0.02497799557367801,-0.0031806582364815013,0.7422556703343353,-0.011104612551092888,-2.995383422078132,-0.15880104756225752
1897.648,0.41392662505207994,0.49790686405655815,0.8876509159362589,-0.002443477799429066,0.0012222151672290171,0.8025107707409868,-0.0014454378276379746,-0.0008156984417584833,0.15213893179682758,-0.002182570501990036,0.003148111320664345,0.0008026004366433496,0.02555170759165293,-0.008319290318024019,0.7461684754596576,0.001396829872933911,-2.9499728691036706,-0.009840849012667208
1897.6799999999998,0.4138613283551434,0.49786335638387813,0.8926950642406463,-0.002432248130997361,0.0013492651586392561,0.8025471002207735,0.0029591091046876393,0.0023470117817093765,0.1601335510950843,-0.00725395293741426,0.010246448951589892,0.00046505054847209256,0.02554850167312571,-0.013094949226554284,0.7460100832899896,0.0022066766191481393,-2.9491993580520384,-0.016041390692636544
1897.712,0.4138736613033915,0.4978838653126173,0.8980037744438404,-0.002546405407876552,0.0017012965838469694,0.8026069145089849,-0.0009307108799059263,-0.00042315761917274147,0.16839778851215148,-0.0066933176289018055,0.009462661684849619,0.0011800799288509043,0.02554627582970236,-0.017869717991172776,0.745838191052419,0.0030231253610303916,-2.9484126141855342,-0.022253392000231083
1897.744,0.4139909948570173,0.4979728427243995,0.9033566250528626,-0.002614371172648762,0.002128300089063264,0.8025706093765069,-0.0014603851323037288,-0.0008255910439359219,0.17129465303218985,-0.0009214907077207006,0.0014179340476395553,0.00088617557340688,0.02554504347368041,-0.02264359025310464,0.7456530139089036,0.0038461455946411523,-2.9476144364222074,-0.02847643425762613
1897.7839999999999,0.4140677679307815,0.49803669967076003,0.9103133484694546,-0.002657210270576248,0.0019978133903105315,0.8026052562448077,-0.0014839709246250328,-0.0007976309807454683,0.1801917675644922,0.004883521982344725,-0.006666501847898433,0.00041583224522555464,0.025791771636201347,-0.027647878186496683,0.7464772693561844,0.02388036671382254,3.081917563377729,0.22779109858333718
1897.8159999999998,0.4139791090406165,0.4980042302572545,0.9162138365995419,-0.0025176390924207285,0.001614345506081028,0.8026279966208872,-0.0020136796914025958,-0.0011676987579289013,0.18524754819646375,0.007222692043471796,-0.009920788600816494,0.00031425663192608937,0.02545280039910562,-0.032902142420320614,0.7484789153514693,-0.012387662892143925,-3.0471020422513386,-0.3376736116436826
1897.848,0.4138149362944646,0.4978629488705401,0.9222852930160367,-0.0024198391551212566,0.0010213949854532142,0.80262683921622,-0.00021953885682654298,0.00012674287617274224,0.19223493104223918,0.0017895761490710773,-0.0023240390164689633,0.0010546782432063633,0.025548797818880895,-0.03934515031805848,0.7449044438028104,0.006777059230250827,-2.9447620712534315,-0.05033705461185866
1897.8799999999999,0.41394125041390173,0.49799031426847823,0.9285801269929082,-0.002516810605209189,0.001470624110712549,0.80273356284956,0.0002933371586188007,0.000506978273389969,0.20117748791436718,-0.0064897290162309025,0.009238015596815469,0.0007639237122731591,0.02549520430327023,-0.04490338654693683,0.7483512272807366,-0.01198905300449985,-3.048992378762373,-0.3567139690712538
1897.9119999999998,0.4139703699654492,0.4980256266922966,0.9349312090881814,-0.002580266335124835,0.0019398062125646545,0.8027204034321612,-0.00030569583995592185,7.283751792552997e-05,0.19627878299964482,-0.005458106033264843,0.007798218180910848,0.0004149534462565374,0.02511160976115667,-0.050772550838338676,0.7420281258550946,-0.006067308047041277,-3.0046386717013345,-0.22183808728538718
1897.944,0.4138988736308667,0.49796535401123126,0.941109492130107,-0.002545617453600701,0.0018009996116156767,0.8026949657529563,-0.005155331500102505,-0.003404304884968472,0.18897868243169344,0.006507509046102778,-0.008907549795370036,0.0004154923183597266,0.02514181656564894,-0.05792483365832899,0.7418939511916874,-0.005438998582088051,-3.0062730107173294,-0.23124921005286606
1897.9759999999999,0.4140087835479258,0.49803683604999494,0.9468417934037882,-0.0025265830441191673,0.0016190753399641265,0.8026926829688178,-0.000632071507063378,-0.0002994566640895184,0.1787162356701107,0.008126434335642967,-0.01115127546984945,0.0006298789729435001,0.025576485066714554,-0.0641236268073115,0.7479755296137761,-0.01157339206336723,-3.051867069649654,-0.3876349747169374
1898.0159999999998,0.41391875762794716,0.4979832331524215,0.9539705105861224,-0.002467664885679864,0.0013757409887123887,0.8026902624610955,-0.002643667059809492,-0.0017436538019186872,0.17545669572269706,-0.0012952312651111442,0.0019825764736027076,0.0003301381374370314,0.025912399243269067,-0.07059359693667788,0.7443370824284391,0.02849314601780444,3.0604155430332374,0.3096885270586195
1898.048,0.41390125181659054,0.4979431039911766,0.9594232619473383,-0.0024520158903503183,0.0016599815663109498,0.8027368967508481,0.00422337702561362,0.0031568426111511874,0.16729240346132812,-0.010382444916965014,0.014680090225338753,0.00014361092950069198,0.025236888880910115,-0.07701718123414932,0.7414271635679176,-0.003983334196253242,-3.011220931467195,-0.2563781063620183
1898.08,0.4137274535939639,0.4978628478603674,0.9647856638690406,-0.0024841660104648025,0.0014795238427813384,0.802722671626441,0.0006655526786339977,0.0006051675477678836,0.16075969160611692,0.001188970081174069,-0.0014746052510577748,0.00014203364736738017,0.02543561184669356,-0.08415945642479951,0.7459213191387165,-0.012467871276654637,-3.0143526419004445,-0.24541587571100945
1898.1119999999999,0.4138053577098149,0.49789976136877123,0.9696736127008552,-0.002458266439566436,0.0013242454630724757,0.8027081974040674,0.0011596508019487007,0.0009272501447380898,0.15165496982849272,0.005652621649671182,-0.007704028941655466,0.00011074441939551245,0.02530808656943323,-0.08896624555568582,0.7410663275064655,-0.0032766526658260563,-3.0149483251416553,-0.27217081441452307
1898.144,0.41373820414104195,0.4978697388477978,0.9744897216688637,-0.0023923455887196196,0.000989096569867093,0.8027176747288063,-0.0014383245179840486,-0.00143737535277716,0.1487483207427103,0.002735087445575457,-0.003645649455931741,-0.0005337234215814645,0.024842540968225926,-0.09559137654726566,0.7391539416610032,0.008308780088656981,-3.074628162665071,0.11791358564316111
1898.176,0.41379344826035697,0.4979138177674922,0.9791701719459843,-0.002438280088557934,0.0013217235390626417,0.8027520051676684,-6.954482105990854e-05,-0.00013297110794138975,0.14324188255528175,-0.007881300645202503,0.011164743277444,-9.638427309446004e-05,0.024697227252857036,-0.10074771428402851,0.7357750831694458,0.007816086002204197,-3.054734367172698,-0.0687552615000338
1898.216,0.4137850521999723,0.497929808024847,0.984679015504945,-0.002546984556365419,0.0016568306235441557,0.8027617698778707,0.000885895730117678,0.0006561408732212631,0.13316611868770373,-0.0005827588648509456,0.0009838219177056191,0.0003932870684570905,0.025709902182948562,-0.1060882190540056,0.740728785199547,0.018988239875989375,-2.934925292962326,-0.13831701212506328
1898.2479999999998,0.41376241732410224,0.4978911830052156,0.9888681772555554,-0.0024701257817528297,0.0013844519800811615,0.8027592198238862,-0.00195138230532948,-0.0013525221176960615,0.12626700339374258,0.006813288965894252,-0.009348584870500132,0.000337567691870159,0.025463249885544718,-0.11051382827507263,0.7403207556705587,-0.002581252375038291,-3.023750872401415,-0.30103267585978294
1898.288,0.4137653567118194,0.4978810760371345,0.9936763127700607,-0.002369345021878037,0.0010078648326065376,0.8026715357717596,0.003923655426992264,0.0028369412530636316,0.11786155453827823,-0.0024003388988922915,0.0035177167577332153,7.975570708068217e-05,0.02575578373222743,-0.11562920993201796,0.7400507923074707,0.020715828505022193,-2.934167832938941,-0.15077872194697772
1898.32,0.4137733747815193,0.49786255288027703,0.9974311247826346,-0.0023750143037069424,0.0011588155973785,0.8027059095652436,0.0005907791093764985,0.0003286685648572169,0.1143158520005619,-0.005721813748195352,0.008135643595541997,-0.00013831939735534844,0.02578123980544627,-0.12040228037545853,0.7397114225750263,0.021567713293452282,-2.9338930263850944,-0.1569760453403242
1898.3519999999999,0.4138815688059143,0.49795608752923526,1.0001239920782337,-0.0025090130463482846,0.0016554252233092006,0.8027164298913942,0.0025030411415625778,0.0016898393516888031,0.10996588109118685,-0.008531594364887622,0.01205889150090813,-0.00014096170203240304,0.025936947459815615,-0.12431869147145581,0.7455519414022577,-0.012110515418210465,-3.0578948511857496,-0.4920804214294313
1898.384,0.4139546578999153,0.49802546870446907,1.0042081576197894,-0.0025611581667058718,0.0018480948794153426,0.8027496094812266,0.004005537437878372,0.002798396078873843,0.09857172119547954,-0.0020323705681287788,0.002986990554186666,-8.345019919323551e-05,0.025613578358668627,-0.12731672439547032,0.7396911478121257,-0.002845589442410022,-3.033764755910156,-0.3243007103419112
1898.416,0.4139783947147373,0.49800643189911586,1.0072304947815034,-0.0024606319367652747,0.0015794632622163946,0.8026992065420138,-0.0023777252684445208,-0.0017357046857631481,0.09272284417160943,0.007359235866375182,-0.01014552173012229,-2.0249530855935672e-05,0.025852602205305487,-0.13234510975048175,0.7388694431689184,0.02364926464172965,-2.9335552349154077,-0.1723381844689384
1898.4479999999999,0.41392435214695805,0.4980002313361031,1.0101113791850027,-0.0023933028665314013,0.00128979861863789,0.8027449091671309,-0.0017337728635561976,-0.0018647007668194293,0.08757886450515451,0.003305743965663872,-0.004495139106473955,-0.0008083125792974766,0.025868246966819622,-0.1347357731068206,0.7387030931814863,0.024055500013981292,-2.9335534576662456,-0.17538340127135385
1898.4879999999998,0.4139763828574112,0.49805196629490417,1.0133767842309755,-0.002425380378976115,0.001446291869211582,0.802778378598038,-0.0021065922660160165,-0.0016714167753171625,0.08020799613958762,-0.0012864576847765534,0.0019014700869109857,-0.00024449953111760055,0.025601613668646595,-0.13946747800325762,0.7416580333707762,-0.0014039240134979623,-2.9894821140253574,-0.21119356034808495
1898.512,0.41397871943402265,0.4980262096676261,1.0152542199400691,-0.0024468555827002456,0.0016632816742403727,0.8026453872791908,-0.0007142867058168693,-0.0006030884101620175,0.07661149516440924,-0.005966513735254893,0.008431830403072629,-0.00014062435264983837,0.02576925171454072,-0.1417550498634254,0.7391333148311485,-0.0040292860010817475,-3.0461881830141566,-0.3455063621090276
1898.552,0.4140181127534863,0.49802880146872075,1.0181445673032115,-0.0025956579173470637,0.0020573806607299856,0.8027032283078864,-0.0020619405462233118,-0.0015400327225807643,0.06780903467651396,0.0005871569434669127,-0.000726848587714713,-8.665970912311633e-05,0.026265761609678525,-0.14386148940085577,0.7400301358229107,-0.049173084236096995,-3.143535721140386,-0.6112362867722922
1898.5839999999998,0.41412697789425734,0.4981246200968108,1.0201183711100525,-0.0026026573610691546,0.0022655862011550995,0.8027018066569599,-0.0014730654960460462,-0.0011327026306641385,0.05817944460516178,0.0070390570370449344,-0.009738276995717889,-8.827738020953886e-05,0.026125982571711965,-0.14844623067635168,0.7441293314421051,-0.013080404864195845,-3.057628431700035,-0.5404825787158424
1898.616,0.4140405663449818,0.49804978378329284,1.0218935727617886,-0.002521738051637958,0.0017993551181333689,0.8027238163609514,-0.0045586879180562175,-0.003344331699702728,0.05227101844824169,0.01077733721425282,-0.015040577558057926,-7.830902319999992e-05,0.026146280642760887,-0.15086034004678428,0.7439751724797345,-0.013198942138500997,-3.057466327686394,-0.545648666235448
1898.648,0.4139274067993457,0.49797426791407295,1.0234924030826003,-0.0024352142307314246,0.0013066017193661252,0.8026501913367242,-0.00449394189177655,-0.003286064438165946,0.04758928010193153,0.009958871333079005,-0.013905042096317616,-4.900348244183383e-05,0.026348327466653797,-0.15171346004656244,0.738638236487233,0.03883296524435963,3.0244410444750187,0.48602965943332527
1898.6799999999998,0.41391079310870366,0.4979567607521532,1.024911336263524,-0.002417839698337491,0.0011790406234687522,0.8026846372664996,-0.002270273274343297,-0.0016680429434580161,0.041314023548752604,0.0026120273559649392,-0.003655634644314491,-1.1953663023621371e-05,0.026365868766239725,-0.15410569014138606,0.7384633666299408,0.039127231846941564,3.023471397972598,0.4917357793548571
1898.72,0.41391287390658693,0.49794509352862315,1.026380023214486,-0.0024553821479811554,0.001238414234111413,0.802635682415532,0.001191722891602697,0.0008136976947769187,0.0334675210494364,-0.003627431927142815,0.005051921435677262,-3.910484913929802e-06,0.02595062642027846,-0.15621997398266424,0.7385225658441398,-0.006416262264180981,-3.062745837648063,-0.36872758836908187
1898.744,0.4139729245751795,0.49798378320902054,1.0270999424205578,-0.0024528056901366264,0.0014568668500213402,0.8026590610338128,0.0010978684560083816,0.0002053397787877387,0.027815176336667264,-0.003941351869523252,0.005479619077865967,-0.0006876746527463634,0.024919028506131067,-0.15738347685105905,0.730094948224115,0.01506514008832109,-3.0338285273907775,-0.12175573697908126
1898.7839999999999,0.4140477824341509,0.49802701159280666,1.028054492460834,-0.002501474609219746,0.0017908639688394789,0.8026585149559862,0.0015538722132425245,0.0006971532296989793,0.021056021685221377,-0.004805137804888478,0.006677033686433941,-0.00045266497843160475,0.025109753585930743,-0.15951768472246458,0.7329124044907701,0.013661444868380291,-3.0608013313548517,0.023196425084599247
1898.8159999999998,0.41409734851009156,0.4980911722930596,1.0285733663641432,-0.0026338645165467738,0.0019901946441692408,0.8027060175027773,-0.0012810558185456936,-0.00011539883365180485,0.013320684283501623,-0.007363058008630284,-0.005409702479425823,-0.0001631343813289862,0.025585783131542292,-0.16160388406772186,0.7350219587084172,0.04056724359227978,-2.9954707793428184,-0.06842435076265559
1898.848,0.4139958196742187,0.4980378100262452,1.0289155435005688,-0.0026911726490153015,0.0018518332860692694,0.8026699375211899,-0.0020849654961779917,-0.001513379918032451,0.006994559868995278,0.0009604050345644208,-0.0035092780592541235,-7.498725907353521e-05,0.02592020142306319,-0.16044082883908597,0.7365223131148886,-0.03128025127599534,-3.2299260805152312,-0.5035737886014218
1898.8799999999999,0.41397375115426827,0.4979551342857585,1.0290707234391672,-0.0026619453637903943,0.0018338310358141578,0.8025742208642833,-0.001334834187020961,-0.0010240186530814709,0.0018916279578820596,0.0008638756901750671,-0.0021950421328882064,-2.271040674784948e-05,0.02512389711698933,-0.16188316191337865,0.7326546252217037,0.013889800810611324,-3.0603444571606206,0.020199647783026554
1898.9199999999998,0.4140019621466491,0.4980253259743942,1.0290044568448138,-0.0027193099239810497,0.0019218843066555627,0.8026580646250195,-0.0005225455333474854,-0.0004432280971178452,-0.00018811095501398742,0.00040329028371278276,-0.0011571285777477172,1.5015085587513706e-05,0.026251548924211044,-0.16293422128229626,0.7431746368017955,-0.013846507001556872,-3.0562127837041415,-0.5725298795969499
1898.944,0.4139851366160185,0.4980330605992948,1.0290081774468245,-0.0027345517004581767,0.0019315233383440985,0.8026939885433934,-0.00013796454196683225,-0.00015716691579796606,-0.0001548658204782393,-2.5053967662756058e-05,-0.00042625564668727226,2.0419148560682777e-05,0.026094411722692425,-0.16350125593461784,0.7368128454684579,0.028549201848149405,-2.9355947916102108,-0.21087453609541196
