4690.599999999999,0.6455010101757003,0.5463595769082984,1.0650813726511412,0.005990647245154867,0.8016830269004147,1.1883216604747364,-0.03590927334645276,-0.005253590085446948,-0.009179441133637797,0.02299391604359603,-0.08493498503245035,-0.052183289630415595,-0.08831375234802911,-0.04564886944806219,0.442513942325944,-1.2405322722005157,2.695414045659439,-0.7535660140166964
4690.624,0.6445417450013172,0.5461884721873166,1.064857103760344,0.005674086784033471,0.7990418920757415,1.1871119221966147,-0.03748547535301471,-0.004664307017973738,-0.012859078185332247,0.027503101265844876,-0.09553557118107993,-0.0594853579981316,-0.08777536558872494,-0.04512814862922293,0.44081071680269396,-1.3540031206071328,2.595731191081439,0.8075011218539138
4690.656,0.6430400482931969,0.5459797691617146,1.0645328394432787,0.005302898161458923,0.7950290565196518,1.1854159996580835,-0.044068935804513217,-0.004341080578374876,-0.01457537658065076,0.040532353254067746,-0.10609779087880845,-0.05616247244015418,-0.08890155976663582,-0.045959689410253836,0.44934040040707746,-1.1732220322730695,2.552660038004206,-0.7673992031642477
4690.679999999999,0.6418030326628807,0.5458242267792567,1.064242555176024,0.00486683020527987,0.7917478457680402,1.1839416269848342,-0.05219330697336605,-0.005578576963140831,-0.014229080768289087,0.03737515949620293,-0.12819640586449785,-0.07263919006948806,-0.08686538562921613,-0.04562788271548506,0.4423892073519651,-1.242835327038219,2.6978211327175927,-0.753257863277277
4690.7119999999995,0.6399429894487711,0.5455734220094087,1.0638396188726147,0.004286656351041055,0.7868083383326309,1.1815278976035095,-0.05581485203403523,-0.00470710996848055,-0.017682292168570216,0.03594695834241276,-0.14117363512387096,-0.08457020129299768,-0.08871127667422828,-0.0464065359571766,0.4537921660775439,1.3811163432753963,-2.9055395282763796,0.792925954972914
4690.744,0.6380489543695143,0.545388564254351,1.0632414544548974,0.0035608393969806668,0.7816148695822229,1.178944263778818,-0.06334681851499764,-0.0068663324439557465,-0.017764517244045337,0.04227644260706812,-0.1562244791201462,-0.0939585763015077,-0.08871127667422828,-0.0464065359571766,0.4537921660775439,1.3811163432753963,-2.9055395282763796,0.792925954972914
4690.776,0.6357754048072749,0.5450627412492915,1.0627709963486032,0.002899335883972604,0.7756196842565878,1.17616815960023,-0.07334908962345577,-0.010056410562962232,-0.016893242182596743,0.05557205866523827,-0.17860075480845952,-0.09959955978107662,-0.08640409758997733,-0.045039149586919444,0.44366763898203204,1.304970874326438,-2.8246382894722704,0.7711799830174598
4690.808,0.6335149644506789,0.5448217764139263,1.0620612042616533,0.002280874790135341,0.7692892010240591,1.173291955375971,-0.08008356304210427,-0.01224354725062724,-0.018055920933413114,0.0582094637671886,-0.19909719217663363,-0.1093018877867161,-0.08728050616605607,-0.0454658858828027,0.45134689294555447,1.6189248512582637,-2.85313611098367,-0.8063630358384113
4690.84,0.6311037942337923,0.5444756473458066,1.0613302058458,0.001566135803370365,0.7625184198816617,1.1697794634523395,-0.08126716424748201,-0.008924631273165461,-0.022521260494132563,0.052982735973528525,-0.2027062944426743,-0.12304273022954182,-0.08298444877340556,-0.04304400760201243,0.434490159909873,-1.3334810779230801,2.518413743426524,0.766976816499278
4690.871999999999,0.6284870447995679,0.5441963559369304,1.060508287749788,0.0006942782001794569,0.7552401829805324,1.1659927978144717,-0.0915097499159747,-0.013439795752980516,-0.0204074847516859,0.06502042672311474,-0.2220502059484339,-0.12651692862666655,-0.08574104474763686,-0.04490487833968665,0.45356349102869675,1.3800248103485153,-2.8975595533768415,0.7939860967271066
4690.9039999999995,0.6254778315329983,0.5437523784910571,1.0598382944562883,-0.00023693220438579665,0.7472014974686856,1.1621811377560887,-0.10265426513595695,-0.01558154711186806,-0.020516071001793354,0.07092504154241774,-0.24934610827602793,-0.13546739218763992,-0.08256546410104826,-0.04362495139762964,0.4403870528230832,1.3571650030612508,-2.7959970873234936,0.7863686094795764
4690.9439999999995,0.6213938002420799,0.5431468086700424,1.058933903339899,-0.001538024229905978,0.7362836222274101,1.1567004443733715,-0.10816879051638618,-0.016422658195338995,-0.02256561991515219,0.06921162506771096,-0.26357623923232326,-0.15036116568249627,-0.08149900824516357,-0.043084621764375206,0.4426615520840236,-1.2148312868893762,2.4988708885209503,-0.6965945544761806
4690.96,0.6196554955349091,0.5429052523981697,1.058532797152574,-0.002092811751614752,0.731677503115033,1.1545699948376236,-0.10977832300054627,-0.014424173967038422,-0.025045037175188724,0.07697179783950574,-0.26371282465951923,-0.14743751781799672,-0.0809347390822664,-0.04315835840536362,0.4434447142733886,1.4470177236113526,-2.9716823414344304,0.8203796235336606
4691.008,0.6143381929900628,0.5422535531755768,1.0571670996585105,-0.0038335162199473766,0.7174009722452565,1.1476900272594974,-0.1253102067572899,-0.017407619965880083,-0.025295622525664533,0.072093332122217,-0.30948490943551554,-0.15937211578251878,-0.07969030628388885,-0.042171689760669914,0.4401786468887918,1.3562044650095977,-2.788360544549104,0.7872139105708883
4691.04,0.6105432881554917,0.5417336929284317,1.0561828884603317,-0.005054346452557113,0.70704372620996,1.1426980445122654,-0.1249256576369588,-0.019133788445025668,-0.02899484418280181,0.09307012798552504,-0.30665547992329917,-0.1784803715749814,-0.07997678785695146,-0.042140043270783405,0.4479721733570504,-1.2822583917418158,2.550492257864956,-0.628208694209114
4691.072,0.6065785802341626,0.5412451414595671,1.055138977196849,-0.006355859418189746,0.6963420980108702,1.1373507950146011,-0.132422852097483,-0.020420600277315428,-0.029710244884319878,0.09283480798860647,-0.32562212737379054,-0.1898770094795065,-0.07730995547762876,-0.04094519751278471,0.43495405731271547,1.4267010981333192,-2.866701793592473,0.7823057594679479
4691.103999999999,0.6022891210219669,0.5406666450902906,1.0541342168958006,-0.007699157039042295,0.6848730929735077,1.1318769881482793,-0.137948307682095,-0.020088628366449382,-0.03160861626836802,0.0988637658534632,-0.3362973636847082,-0.18949663568379688,-0.0786245550367369,-0.041264706909380194,0.44547088119425954,-1.4616181592088588,2.5095643285808524,0.61693823643414
4691.1359999999995,0.5977841766130453,0.539990489264176,1.0530855631073688,-0.009083271943980818,0.6727439601604308,1.126004168135037,-0.14441597438498294,-0.022403491083616025,-0.03235086042860122,0.0994688979088034,-0.3546912848457119,-0.20653893801797424,-0.0767572629152129,-0.04068154852419357,0.4439566321208424,1.5223064013734982,-2.889888778704974,0.7327960689979401
4691.168,0.5930796401129849,0.5393149342662114,1.0520389169398425,-0.010507328598724015,0.6603200244785578,1.119927380851176,-0.1517186438627991,-0.022770830477422295,-0.03334117942379125,0.10232963329223686,-0.36855319709512435,-0.2151185307512463,-0.07573102672415487,-0.03980195351408555,0.4453062686088559,-1.4624864701750526,2.5149476096932157,0.620942805518492
4691.208,0.5871252767909185,0.538458832584464,1.0504868901480264,-0.0122826744593723,0.644066573460225,1.1116630504573486,-0.1512105240515889,-0.020695090892796822,-0.03957598115708713,0.1095484518973529,-0.3763220497702082,-0.22257206904781773,-0.07314124843206937,-0.03859545963465884,0.4321654101424059,1.639639775473671,-2.8168685668106304,-0.7884708617862836
4691.232,0.5833644730588226,0.5378846720954565,1.0495763882901659,-0.013326468626243725,0.6339178534593636,1.1066521671345275,-0.15410909927567687,-0.0204933725144039,-0.041857377619568516,0.10665468794507293,-0.3909817527588241,-0.23579807357733412,-0.07296079032113366,-0.03857398556975628,0.44046567940317227,-1.3833127310169149,2.508810081102105,-0.6400445640879538
4691.272,0.5770154947329444,0.5370043983935949,1.047840188622099,-0.01538202983447192,0.6165850059748132,1.0975730850943526,-0.16461637739095922,-0.023426343684400542,-0.042490340011526295,0.11323847519870654,-0.41396552625231203,-0.24417508170460753,-0.07156463135310252,-0.03768041904793637,0.4339106578260262,-1.4132482829572972,2.6323498351301717,-0.6603908651049791
4691.295999999999,0.5729385801451741,0.5364361032492952,1.0468751372810585,-0.016664988409817876,0.6057085999947349,1.091970860168727,-0.16962297879208071,-0.022192568932129446,-0.042983972945113184,0.11869665910730076,-0.4184122524671004,-0.24218734630622535,-0.06994532409372635,-0.03718337441925846,0.432547173257866,-1.4044453847569152,2.6074624211869493,-0.5542347519434005
4691.336,0.5658580219879559,0.5354147419594139,1.0451986923022338,-0.018944725045340404,0.5867761112064589,1.0823752255458876,-0.1784939413880646,-0.02311798177402591,-0.04494050016595993,0.1262102666772241,-0.4435104941302719,-0.2527769586225739,-0.07098320816316975,-0.03739192665236275,0.44337370761573874,-1.4607913249212032,2.5739850939684765,-0.5714212000979173
4691.376,0.558567400149468,0.5343585824413649,1.0434112603743677,-0.021148375635519582,0.5671984410276769,1.0722952581277243,-0.1867562133891472,-0.024310626592991262,-0.04712229662026492,0.13344963858056755,-0.4528667046009803,-0.2668415670884606,-0.06782251612559186,-0.03576123424341895,0.43262733366245004,-1.4132829685913844,2.4518260802148086,-0.5551698100075992
4691.407999999999,0.5525802050960578,0.533612384283762,1.041796616604961,-0.02295202037499559,0.551142776711131,1.0641055280472982,-0.19082195259742793,-0.024113306078272938,-0.048665457854866756,0.13178369742036433,-0.47308630008242397,-0.28257924946693175,-0.06653891725039801,-0.03477889098162018,0.42832762975718297,-1.5297251637447913,2.6638914590902143,-0.6379198462069563
4691.44,0.5464171057058251,0.5328141961007313,1.0402098823955452,-0.02478372768702474,0.5346924929901624,1.055642279406477,-0.19035909751252109,-0.02466864171615266,-0.04862993210661654,0.13322795267512877,-0.4738654486032199,-0.2814598173533318,-0.06749901017517522,-0.03525236356324549,0.43899833951853806,-1.5896818293434194,2.6199559808538964,-0.5026696453505978
4691.472,0.5402364882895867,0.5320470657556461,1.0387132571166002,-0.026596133961110248,0.5183956223642179,1.04729881677452,-0.19664145153220455,-0.028773962836502867,-0.0458764903994236,0.13787017152452488,-0.48348134052272707,-0.285536302755978,-0.06608814946475487,-0.03469910754507168,0.4369546748364685,1.6716515994305479,-2.8178001768171694,0.5089143741174209
4691.504,0.5339147082429644,0.531079496677701,1.0372642512237555,-0.02843539398163444,0.5016895399390114,1.0386775439454636,-0.19238408492178,-0.02704802555969601,-0.04896755809662028,0.13746703305855526,-0.4795627719995136,-0.2783392408722719,-0.06521703803535028,-0.033761691907821564,0.4335040724198597,-1.5554840024118506,2.525846317894711,-0.5818828552918042
4691.536,0.5278175392113864,0.5302638937374103,1.0357313683223897,-0.030317701533275926,0.48553206547591077,1.029913417082088,-0.19453826957686038,-0.027763614211001493,-0.04759240577790533,0.13844223276203055,-0.4797777433396065,-0.27341881040189675,-0.06340557429102327,-0.033162945460789926,0.43073670789057406,-1.5269497133085699,2.4787923774460814,-0.479359661642836
4691.568,0.5217837208547992,0.5294454453170852,1.0341178908050332,-0.032133025163157684,0.469225518187599,1.0211339074609531,-0.19131141206737676,-0.025341320641778162,-0.04897066493338672,0.1364242709545088,-0.47324557248633226,-0.27513612892281103,-0.06385485052892732,-0.03242466402140654,0.43274301068313253,-1.6252912556229755,2.500252079392976,0.40172798396285336
4691.608,0.5138867604034729,0.5281427427961302,1.0323096964823377,-0.034287466176296404,0.4482997724507975,1.0103348403220183,-0.1975068456586066,-0.027531661502236033,-0.045815723819674886,0.13925794825278848,-0.4823648860283919,-0.2751245280011533,-0.06287523343474961,-0.03137559144709721,0.42852176889940724,-1.6288443673353112,2.3811093535289367,0.5044160842170852
4691.639999999999,0.5077553182902615,0.5272850359095139,1.030763475030441,-0.03603886667172791,0.43204516826594885,1.0016331869737332,-0.19670619611958612,-0.02585790786294433,-0.047476195415938276,0.13948030002571793,-0.4796593517420079,-0.27418696445807145,-0.06442493908336562,-0.032365788341102916,0.4413927725682272,-1.68430054232692,2.4639006325774275,0.4045466444873045
4691.656,0.5046304302799879,0.5268718203014107,1.029995812184793,-0.03692269800347788,0.4239082754986453,0.9974158759292925,-0.19344441689040925,-0.024725528527009214,-0.047641746800021784,0.1268992810913266,-0.4730418764242655,-0.28391314384251726,-0.06168181788999793,-0.03161306073050905,0.4280162570770805,-1.68220438386826,2.569446756909711,-0.5114626149722232
4691.704,0.49541131372327846,0.5256653259616806,1.0277140437573071,-0.03966086891572716,0.39961071918521535,0.9842877944575116,-0.18854782148905064,-0.0245092604422405,-0.0492837809470317,0.1295710714882682,-0.4758599423467786,-0.28613380616830103,-0.062182987399352734,-0.0323772188814085,0.43421908751737637,1.8246882790418457,-2.7100841465717993,0.5343140370973277
4691.728,0.49069084213346675,0.525073386026859,1.0265703492703,-0.0411452025926128,0.3873201541041709,0.9777996966636351,-0.19697115449474278,-0.027502157432976432,-0.04766838083895625,0.13386234580486667,-0.4818339302472299,-0.2840706108370546,-0.06121357741033163,-0.031433004405639016,0.4287544952343399,-1.765979200842851,2.4128552597247963,0.39560923609543275
4691.768,0.4828563849792568,0.5239590411842054,1.0246376073734274,-0.04335993224210331,0.3666868610253181,0.9667203182718277,-0.19269748540308115,-0.026618060780101985,-0.048317887025931816,0.136881265543815,-0.4770167125777459,-0.28347193559576844,-0.06121357741033163,-0.031433004405639016,0.4287544952343399,-1.765979200842851,2.4128552597247963,0.39560923609543275
4691.8,0.47673199905365116,0.5230776695547197,1.0231402878393876,-0.04516808052107952,0.3504990337623862,0.9576904645469656,-0.19139921716792385,-0.028816836519320054,-0.047706649762941235,0.138361637043472,-0.4798670770593976,-0.28970494682123554,-0.06121357741033163,-0.031433004405639016,0.4287544952343399,-1.765979200842851,2.4128552597247963,0.39560923609543275
4691.84,0.4692280293276301,0.5220768529792802,1.0211693043701686,-0.047349886140416284,0.3305448836158577,0.9466275206842102,-0.19263157569354175,-0.02673577492486216,-0.048106515101469266,0.13312708877443485,-0.4778968194613192,-0.2834290493552253,-0.06078593961840661,-0.03141751590073542,0.42862052549100765,-1.7100464164511124,2.3102383977742225,0.2641147052709184
4691.871999999999,0.4630277171879058,0.5211744388075802,1.0196265281078465,-0.049100073956706174,0.3142289776108296,0.9376799108007696,-0.190388190654922,-0.024193330645513367,-0.0486043792947293,0.1281805620211921,-0.47501412442848956,-0.28323891946848573,-0.06033277551876701,-0.0319122630823566,0.42872586318975764,-1.6647025833141895,2.276014766029756,-0.3863981772465865
4691.9039999999995,0.4568700282878923,0.5203179904512397,1.0181364185977688,-0.05087791639128709,0.2981023875117392,0.9286197014577852,-0.1904522944893955,-0.027074859641407753,-0.045925913566715805,0.13288320864898676,-0.470126470209865,-0.27558456522611935,-0.06033277551876701,-0.0319122630823566,0.42872586318975764,-1.6647025833141895,2.276014766029756,-0.3863981772465865
4691.936,0.45096334524910614,0.5195563439955551,1.0166425401491743,-0.052563307284563134,0.2826808292890865,0.9198898195729209,-0.18163073786761244,-0.022509048444273743,-0.04575812671766932,0.12525510311421528,-0.4499430063946428,-0.2563079357532638,-0.06038828855974009,-0.032286333299759704,0.42815175269269423,-1.9298207623270225,2.531272573224855,-0.3288440639324514
4691.976,0.44372145782814104,0.5186115574505561,1.014856742755422,-0.05455253545951669,0.26393171577778207,0.9094064172473144,-0.17379367750613092,-0.024314082152782367,-0.04215914975800465,0.12220874396322091,-0.4238024609526528,-0.2464936253156164,-0.060155210239517524,-0.03251169668700273,0.4269440168461675,-1.8520705936521484,2.394900495716652,-0.3768509258903981
4692.008,0.4383426154541704,0.5178493156399953,1.0134948083854902,-0.05601176212237237,0.24969611874656267,0.9012640212584057,-0.16369689244804936,-0.022642782563767345,-0.04219922062059949,0.11491987699499998,-0.41122328872755926,-0.24326021712157153,-0.06024887557633924,-0.03301940598700809,0.4270373290340107,2.0888602110209384,-2.6015857157006423,-0.328658628368131
4692.04,0.4331876866487486,0.5172403870476786,1.01210954722207,-0.05762950303490545,0.23612982499227944,0.893289190297145,-0.16113106994669998,-0.022611574912235418,-0.041376620272319635,0.11371128729515784,-0.40444931179577703,-0.23682369508100162,-0.0601577613639851,-0.03388076921626283,0.42692785661105365,-1.8515793890445646,2.3944139972426983,-0.37139770415841633
4692.063999999999,0.4293770995299155,0.5166999097114774,1.0111837703097422,-0.05869196714273325,0.22621062545334214,0.8876627436273227,-0.15790205542671615,-0.024312566243323282,-0.03960548811172784,0.11543824549888869,-0.39629854050016694,-0.2347213581828884,-0.06175218368188376,-0.03472778198167329,0.43288194943532887,-1.988314851366984,2.4815806001805054,-0.33081871514835026
4692.103999999999,0.42317816960641935,0.5157380779286334,1.0097088926876137,-0.06026822187934847,0.21000916235568745,0.8785675749690337,-0.1519766575714655,-0.02318515795175302,-0.03672471611676557,0.11107641931442874,-0.37638182623990085,-0.21501222784420865,-0.06068068164862718,-0.03478796656163561,0.42715617257365196,-1.9608577437260855,2.3839623655764552,0.3289541762822547
4692.1359999999995,0.41851269125541535,0.5150475605105505,1.0085525405540445,-0.061479685307483,0.1978123957837493,0.871258881588999,-0.14558880111983494,-0.019919255134423084,-0.03483668737987,0.09968138570260955,-0.35623499686195104,-0.20319278992220716,-0.0624843502192001,-0.0370527773203788,0.4410139036559486,2.1427728827085084,-2.5867611736911926,0.26926178928785377
4692.168,0.41407752142881543,0.5144939333333365,1.007401392496351,-0.06287757103387695,0.18618943373287264,0.8646373379090457,-0.13749398845551378,-0.017304685463296058,-0.03511057959746724,0.09248787172064636,-0.34321415543396117,-0.2014869156221131,-0.06158070971098508,-0.036834003981235514,0.4314843402105287,2.1536622104902206,-2.5520884085909983,-0.3287968891583456
4692.2,0.4097400215002552,0.5139047444978824,1.0063259724811633,-0.0641191214864376,0.1749075681111817,0.8582127543493497,-0.1335572551245171,-0.018876622457753074,-0.032436463007544346,0.09214179152971266,-0.32921975431744666,-0.18457783724577964,-0.06081654006788539,-0.0374674873436289,0.4240761372512419,1.9347561632646177,-2.3425771954112524,0.48288192624427834
4692.232,0.40566890635389874,0.5133834235822771,1.0053048205653108,-0.06534796875112195,0.16444472703012494,0.8519378047536907,-0.12649964738910519,-0.018292861411035238,-0.03133870831424695,0.09032470518542503,-0.3145472456081106,-0.1788597790675081,-0.06190199117595691,-0.03855208933422535,0.4308061914731119,-2.0176928255512765,2.3323075077364597,0.3336991653275369
4692.272,0.400665394125716,0.512667564868782,1.0040848788229806,-0.06662585920059584,0.1514631073492153,0.8446779644393798,-0.1198925535818172,-0.018069943770206615,-0.029403482575117008,0.08608800514291404,-0.29821105370661966,-0.16975464712401314,-0.060867064436903595,-0.038582383508227965,0.42467591780684444,-1.7557938182224984,1.9743099644096591,0.2411918602163197
4692.304,0.3969756799693946,0.5121708874744005,1.0032190368878178,-0.06772634162406313,0.14197001576593515,0.8392602032527249,-0.11092125866156184,-0.015286981879173076,-0.02763121543172623,0.07768950919383404,-0.27523399978277663,-0.1571906932507374,-0.06279320434171254,-0.04063665179392345,0.4349967131574176,2.218241904623162,-2.4998373677087744,-0.32745457840124437
4692.336,0.3935839300089567,0.5117545293420929,1.0023308582031834,-0.06871149545214433,0.13318108422183728,0.8341221111447233,-0.10364410215462394,-0.014865707296886027,-0.026385115845194016,0.0731252587624939,-0.26201951079804253,-0.1584395183804791,-0.06268891966318914,-0.04149542810220907,0.43485821569770133,-1.9552730737180648,2.290339016629542,-0.3617376895976446
4692.3679999999995,0.39030560521724417,0.511259694024964,1.001520039989873,-0.06955899439470226,0.12463154238932457,0.8290716419054545,-0.09935935781651573,-0.013643845918857004,-0.024374210479086875,0.07089171655182291,-0.24587939335692865,-0.13778031758639867,-0.06340682978046919,-0.04241926874360489,0.4342325941884825,-2.09068424088108,2.30043389450488,0.06793047882782388
4692.407999999999,0.3864680686713319,0.5106869437010901,1.0005921527933381,-0.07061481816290291,0.11463710305029352,0.8233502914890856,-0.09419045516513315,-0.015231231728835507,-0.022379068808231452,0.06720058216930895,-0.23402327194542497,-0.1375880353787186,-0.06334005019891926,-0.04348351306398431,0.43367827734953485,2.021215163912993,-2.2786854489854234,0.08971475693134698
4692.44,0.38363733187860405,0.5102533097048507,0.9999335810729537,-0.07144020297998763,0.10737483766186669,0.8190446491518749,-0.08477164114930817,-0.01295957777591106,-0.02061788149856385,0.059042548935403956,-0.20720008796607733,-0.12387164962386184,-0.06339776478998878,-0.04380797716995683,0.43413175886099065,-2.0905532465627137,2.2999822186269294,0.07004329923428554
4692.472,0.38101189192916607,0.509835924355777,0.9992821893374243,-0.07204035917029745,0.10061497709456355,0.8149592189094307,-0.07841773831721496,-0.010298642747089838,-0.02018124565076956,0.05904327121849047,-0.19874926270989055,-0.11828118289187725,-0.06338851624551987,-0.04519648495087749,0.4340289929348327,-2.0904269150106827,2.299530279693642,0.07216192185932457
4692.504,0.3786105287898544,0.5095356919009764,0.9986405548309858,-0.0726730291815108,0.0942896262531524,0.8110748800580846,-0.07378959214384637,-0.00943383222165439,-0.017638503893018603,0.05045851769493801,-0.18283794442697426,-0.10595146065577123,-0.06407623767776488,-0.04652389250954294,0.439050245419212,-2.102226437379659,2.3711362301610284,-0.3101065339757713
4692.536,0.37626866361829314,0.509165852822256,0.9980967372442348,-0.07316200000105438,0.08826856739494082,0.807676391805844,-0.06608002601014705,-0.009052576432150877,-0.01738861320810428,0.04873145845125699,-0.16572763607581026,-0.09487960463419531,-0.06387974049750093,-0.04721657938007285,0.43749001299709184,2.2852557563183638,-2.4479858846527494,-0.3287482306852092
4692.576,0.3738508739798917,0.5088616884150104,0.9974628356136955,-0.07387209792051783,0.0820017270217726,0.80384153270764,-0.0610282233379651,-0.008108732300005509,-0.014717897772342855,0.04252273302469129,-0.14831579715985818,-0.08747143048135718,-0.06459113310379884,-0.048897976836613184,0.44558253472122233,2.3094072077281127,-2.520040550301945,0.2541934802835435
4692.608,0.37203220904980133,0.5086074372433499,0.9970269184678979,-0.07432398890831014,0.07738857339935414,0.8011033347172617,-0.05267797101432331,-0.006765462249491015,-0.013181718398978248,0.03374785652186895,-0.12943586096956936,-0.0799032907733413,-0.06309753670420873,-0.048873984780188805,0.4355217327860904,2.31320148874133,-2.515182647953089,0.4436549977850764
4692.632,0.37092967888952094,0.5085243416880147,0.9967095226483742,-0.07472765178910401,0.07454932421662809,0.7992738236164274,-0.04614064413817556,-0.004524546429871273,-0.011879355820670363,0.029487233203606824,-0.11507887847229138,-0.06672015594970504,-0.06458590073851445,-0.0503257490054275,0.4455076868676068,2.3121940041746454,-2.523435041706101,0.24845737218011857
4692.672,0.36914316783859613,0.5082586175416579,0.9962690171965409,-0.07521835556506637,0.06995319603585035,0.7964890603395463,-0.04311524790848129,-0.005708256120019799,-0.010929389130354123,0.029108567214294598,-0.10632047233414975,-0.058028021494071824,-0.06454350370703406,-0.05097003952269929,0.4452297853149376,-1.9277784262215865,1.9864652952299615,-0.11932051582547623
4692.704,0.3677976718634749,0.5081163329656181,0.9959064749226907,-0.07561762537900169,0.06651305616539034,0.7943961938123918,-0.04453920988811324,-0.006350861550152902,-0.00981351583927653,0.027834226065035206,-0.10350263711004129,-0.0674298849638279,-0.0637877954155019,-0.05031745970822445,0.43607974406289995,-2.227432281177644,2.3012502746930954,0.33392826205727955
4692.736,0.36631225717039567,0.5078817784051664,0.9956677599631056,-0.07600212936329609,0.06320442360686425,0.7920599017846316,-0.045099203247283746,-0.005609119831711701,-0.0071116617757817175,0.024930152152664732,-0.09395907050876735,-0.06702312526694848,-0.0637877954155019,-0.05031745970822445,0.43607974406289995,-2.227432281177644,2.3012502746930954,0.33392826205727955
4692.776,0.3645864518460661,0.5077521495930699,0.9953620109437942,-0.07650216118422232,0.05974422955894276,0.789313293835668,-0.04646583089261686,-0.004558155498594963,-0.006083215301774691,0.021205073706245976,-0.08473357300723114,-0.06371566608106008,-0.06464077392246105,-0.052430864140240147,0.4447761015802628,2.242679029513438,-2.177063642057807,-0.07177388354152142
4692.8,0.36348448758726737,0.5076797736276859,0.9951995489275002,-0.07679492463566367,0.05776591075326827,0.7877327239273993,-0.04593319024775943,-0.0032582553069757285,-0.005719424971001915,0.018540816694885928,-0.07877257498939158,-0.06230612748557196,-0.06453338607373552,-0.052393622995251986,0.44511984264298454,-1.9253300119615169,1.9843706120178488,-0.11506462676680436
4692.84,0.36165910779837906,0.5075871081893997,0.9949869608389282,-0.07721608010729095,0.05479839768773375,0.7851010040382043,-0.043480735906530954,-0.000503450953833806,-0.005374272758248629,0.012212293236405717,-0.06725027298853758,-0.06883241845462701,-0.0637828671885263,-0.05171680331734902,0.4360054029227608,-2.2267883987087154,2.299466007764272,0.33634916672727205
4692.871999999999,0.3603737962189189,0.5076765477614503,0.9948155345181063,-0.07780452170220675,0.0530864904000174,0.7827848233981105,-0.041086793621560105,0.0005875928676891404,-0.004118341057609303,0.005960931196170135,-0.058032318174992825,-0.0744269366237004,-0.06533770423117419,-0.05313296871237759,0.44463169743661346,2.186973078202461,-2.233163703535216,-0.08138807693217194
4692.9039999999995,0.35901459338683966,0.5076588858799197,0.994710877991148,-0.07824212763277455,0.051397734646856576,0.7802719367062959,-0.042454709464319194,0.0006181115861950005,-0.0037675728245378805,0.005405165298539137,-0.05466939141484478,-0.07626674613712935,-0.06403192573001,-0.05250082542157247,0.4390388140520906,-2.1051834973532317,2.1206160689605773,-0.3426999867859883
4692.936,0.35759977397286974,0.5076572128739817,0.994641977230737,-0.07865346792812279,0.04992677904548349,0.7778197756006902,-0.0435974082692069,0.00026966390760464716,-0.00231342382105091,0.002856509760215931,-0.04711832534316689,-0.07345830590276797,-0.06356292574066433,-0.052668750709974975,0.4359485530465692,-1.8926499230029317,1.9052186057070721,0.030473883563122136
4692.968,0.3561147244208026,0.5076830279178932,0.9946375300612362,-0.07916091820005576,0.04861500161824029,0.7755266967305642,-0.04362293753273767,0.0021105484654587625,-5.947836215015318e-05,-0.004858543701778511,-0.040211319840906236,-0.07319132182669628,-0.06452316833672032,-0.05381708423789442,0.4450086037149698,-1.9228738164810437,1.9822680491251579,-0.11080736198367902
4693.0,0.35473836896917893,0.507799021684403,0.9945981007324158,-0.07973127955343004,0.04763246552637545,0.773059559984542,-0.04193421229337594,0.002988946037536558,0.00019657296327430532,-0.00556835072952539,-0.031115009055003442,-0.08088335939170337,-0.06452316833672032,-0.05381708423789442,0.4450086037149698,-1.9228738164810437,1.9822680491251579,-0.11080736198367902
4693.04,0.35297887179868237,0.5079236580283804,0.9946429071972656,-0.08032090961271016,0.04671030614447213,0.769801395840699,-0.04447854747001286,0.003602004206614959,0.0016025348332613628,-0.008294910291216675,-0.025078117165307764,-0.07911649909552068,-0.06452316833672032,-0.05381708423789442,0.4450086037149698,-1.9228738164810437,1.9822680491251579,-0.11080736198367902
4693.072,0.3514779704532752,0.5079826204015127,0.99474806784952,-0.08075728032232876,0.04616751569942152,0.7673716852600887,-0.04548837038371668,0.0036757038278113358,0.0030594921034381344,-0.009831497793462485,-0.02013922650292088,-0.07862342201783339,-0.06452316833672032,-0.05381708423789442,0.4450086037149698,-1.9228738164810437,1.9822680491251579,-0.11080736198367902
4693.103999999999,0.3500408651729492,0.5081561092369381,0.9948629140864382,-0.08126885513749207,0.04603777805669739,0.7648290390442456,-0.04171709517358195,0.007994151526725314,0.0036324833337368547,-0.02007386054769815,-0.00518261317839638,-0.08357820673626709,-0.06472529294489363,-0.05355372658247098,0.44630714426512164,-1.866288828069987,1.9243164724305133,0.07672945152204984
4693.1359999999995,0.348656113446152,0.5083864094293602,0.9949956306298102,-0.08188150442635427,0.0462191657363351,0.7619459568306348,-0.04634229282122162,0.00668964595769271,0.0039669423248459585,-0.019264238483687256,-0.006334607957124505,-0.0974964889753778,-0.06398617959909492,-0.053998791231435715,0.446218537198015,-1.963984589215144,2.0367820959172303,-0.2010753069893613
4693.1759999999995,0.3465947164547859,0.5086887120077268,0.9950884049000333,-0.08270171059527774,0.046180388794874475,0.7579382457199872,-0.058088941508241704,0.006575921061828655,0.0035225954172828514,-0.019375890015434216,-0.017677540893577214,-0.10602144197498195,-0.06398617959909492,-0.053998791231435715,0.446218537198015,-1.963984589215144,2.0367820959172303,-0.2010753069893613
4693.208,0.34457439234205317,0.508900726568435,0.9952328584344091,-0.0834659491906812,0.045961600830489384,0.7543707246943621,-0.06403238262622753,0.007691383215987114,0.004939846409855252,-0.021723672360223874,-0.016819932361723907,-0.12280894925114952,-0.06398617959909492,-0.053998791231435715,0.446218537198015,-1.963984589215144,2.0367820959172303,-0.2010753069893613
4693.24,0.3424923099369599,0.5091598550461149,0.9953753629869982,-0.08428247005702878,0.04591840189821254,0.7501835384313678,-0.07201303417231678,0.008723759810798707,0.004782188605347524,-0.022909934654612916,-0.018576527010610147,-0.12543292654813606,-0.06226234511897593,-0.052393887165433334,0.43568105487512454,-2.2004597703307183,2.189210417471577,0.08072247897677946
4693.272,0.3400735529987006,0.5094783292617762,0.9955548521126317,-0.08524141397466985,0.04591926115319653,0.7460134161449054,-0.0768785923293037,0.011353166518361971,0.005338628619763039,-0.029407978056022466,-0.015233710766149716,-0.1427459656266843,-0.06320520979621393,-0.05384910811937678,0.44466800760365877,2.242391598113761,-2.1762878900421057,-0.07511024553094814
4693.304,0.33750950672574015,0.5098278688058103,0.9957526001399964,-0.08616823473701406,0.04597658300855171,0.7413273260521867,-0.0829709665128425,0.011029529010370956,0.007320818819920825,-0.032813909949761626,-0.014808821433234615,-0.15167880188567565,-0.06275129532060751,-0.05301438442626493,0.4436565418354985,2.1343297306316353,-2.140537744204754,-0.17898982198149604
4693.336,0.33476643482494084,0.5102278444912721,0.9959540314115364,-0.08735034847869626,0.046079697459061986,0.7361462125388103,-0.08797499771542898,0.01240889811445611,0.00576165975791313,-0.033984708315436186,-0.022201957524160227,-0.1709563418554471,-0.062094414801307375,-0.05252514641807554,0.4457974353987938,-1.9088089447351395,2.0275091500202214,-0.3628472915514459
4693.3679999999995,0.3317500675667097,0.5106249502365533,0.9961799375642842,-0.08845938191084109,0.045922974385622206,0.730563471623203,-0.09442894535868056,0.01345732224847516,0.006190341366797675,-0.03480142932355979,-0.022169097991078926,-0.174674106684937,-0.06176360575874733,-0.05107340925971617,0.4365728949368963,-2.286476137719405,2.2447890127591683,0.33532730345548084
4693.407999999999,0.32770724452685346,0.5111214582522835,0.996464361598557,-0.08997332996489191,0.04572169459609841,0.7231460146542622,-0.10238685215496282,0.011824181301954622,0.00794115419153931,-0.038507535337268355,-0.02399209808309725,-0.1924766585007383,-0.06024986839560087,-0.05074464983815948,0.4333980066241768,2.160877787489375,-2.1182230239183277,-0.13999245601763863
4693.44,0.3242775843699,0.5115702652894387,0.9967547753774,-0.09126580436300874,0.04581028708513584,0.7168056745689738,-0.10580484014897637,0.014569323480043452,0.009399303824349923,-0.04512770318347774,-0.019306337548944338,-0.21087704047678327,-0.061342025851765514,-0.0515916936727129,0.44379052765026283,2.131893693248259,-2.138768847529041,-0.17840397409802586
4693.48,0.3197901528648725,0.5121355836799543,0.9971415580525679,-0.09308135646286228,0.0458372914260009,0.7082510943644232,-0.11739052178813268,0.014742048868897399,0.009618035996048564,-0.04315121528206691,-0.031065103594100044,-0.2192294153729535,-0.061144009481199385,-0.05113199521826879,0.44641834637674555,-1.9754774438357998,2.04796497981437,-0.20482233573881872
4693.504,0.31693630053842936,0.5125094873395559,0.9973720885088835,-0.09418300261510545,0.045810416375380865,0.7028879080040079,-0.12398019721979903,0.014436825135892183,0.010052222188090041,-0.04135426311840412,-0.03196121524343065,-0.2229860884332249,-0.06040133980618459,-0.05007905971338613,0.4439439104409691,-1.9171076597634564,1.8599999648247831,-0.20678785934639837
4693.527999999999,0.3138906104268156,0.5128436256298216,0.9976224190322428,-0.09534531463425314,0.04565712574371181,0.6972976816716033,-0.12500577506390487,0.016107657051898545,0.01091704437242419,-0.048095023607931664,-0.026345857495798274,-0.24278059478223973,-0.059932405978112106,-0.05016903434497147,0.44392238637191317,2.129435277495599,-2.1369765307543473,-0.17779749465902012
4693.576,0.3075613255592138,0.5136564081760563,0.9981796946764477,-0.0977957057455549,0.04568433490128063,0.6852758669562636,-0.13836283078822362,0.016024826580884045,0.0103455696283655,-0.046821968152736745,-0.038889441146371606,-0.24880055289219283,-0.059239734722002675,-0.04964887379655435,0.44588496553613455,-1.9175356399120809,2.0347645354490433,-0.36623884651130534
4693.616,0.30181841694825945,0.5143601777101234,0.9986043481292094,-0.0998632730855746,0.045368327433586535,0.6748688550156262,-0.14545362756714242,0.016539421043777338,0.011784804129515165,-0.05202469038230493,-0.033282627536754116,-0.26543543748161647,-0.05781643604866171,-0.04816446848480173,0.43569143194844523,-2.3651926710493356,2.2923184674808246,0.3763797373084064
4693.639999999999,0.2982402219309946,0.5147673801435345,0.9989145098995439,-0.1011373595775592,0.04535119674182313,0.6683612471790538,-0.14820227308993844,0.01927638117688558,0.012159202008858302,-0.054664843381986974,-0.03218935890383919,-0.27487764855687613,-0.058371732674723585,-0.04938570170082028,0.44609848417325915,2.092993159123521,-2.193238667915241,0.12759245556513826
4693.672,0.29344109683537795,0.5152874918611094,0.999314676014543,-0.10289120640061596,0.04533652565832084,0.6588964494623332,-0.15485409348022391,0.02024483935750022,0.011174444895242372,-0.05433081040396135,-0.035942823826721745,-0.28448130783040587,-0.057585760405785086,-0.04778895784909894,0.44651909141909374,-1.8822127437291236,1.9415948354375046,0.08835665709492202
4693.704,0.28837717253768647,0.5159019896303836,0.9997010745502983,-0.10481305258976935,0.04516548698246874,0.6492808960202261,-0.16152041019303168,0.021720031293081872,0.012593910106411596,-0.06183491385562141,-0.035085839050545596,-0.2931892659710904,-0.0557132945799603,-0.04675431190614313,0.4356493019264602,2.1065978896780897,-2.04555189930667,-0.3199515873106517
4693.736,0.28305604329311024,0.5166284167745775,1.0001304519685952,-0.10684425918772983,0.04523240175443741,0.6395035994920998,-0.16609521542065211,0.024969660647944432,0.014610650403524746,-0.06977167535434022,-0.031170298743164262,-0.3029999838566857,-0.056913084906294015,-0.047454137934507715,0.44837995709188266,-2.3758450634972696,2.3160134188349555,0.016032043044710398
4693.768,0.27747327391709603,0.5174084353659157,1.0005657453089998,-0.10889752771757259,0.0451696011233815,0.6294146495225882,-0.17309208131482587,0.02347015809139243,0.013335087671078587,-0.06500046316584764,-0.038975729123206466,-0.31690709580745924,-0.05432901017378382,-0.04535843610490129,0.43576605717098643,2.103625045894456,-2.0437374737210683,-0.3194946072414024
4693.808,0.2704635386863124,0.5183315945558344,1.0011303118577857,-0.11166267104439624,0.0451896729144644,0.6157912830110073,-0.18414665080328865,0.02145947227506771,0.014766209777053648,-0.06497771145684234,-0.04496632704280205,-0.33801082653949915,-0.056051136149939396,-0.047057798407415315,0.4593873838724573,-2.205962344356644,2.1969965933376385,0.07624653885230319
4693.84,0.26448748423307766,0.5190225683122375,1.0016903972077233,-0.11395504329017968,0.045105550130260526,0.6046215221504198,-0.19303897899599137,0.02025700446411721,0.01526215447509695,-0.06088023702485756,-0.048501577885116734,-0.335894957113776,-0.054766034207420856,-0.04528748026205942,0.4484590551164606,-2.318817134531639,2.381458651991814,0.019370511814418505
4693.871999999999,0.2582805441932082,0.5198701654616934,1.0021264269266892,-0.11624083565419198,0.04498774785647576,0.5935939471025885,-0.19616642163903086,0.0224608394210823,0.01551047850408586,-0.0686362207732807,-0.0451019994092391,-0.35574758704440645,-0.05459161003746787,-0.045586899607752376,0.4595140156020422,-2.2068753261143557,2.198310613601707,0.07502063151035741
4693.9039999999995,0.2517744386713999,0.5205684811909047,1.0026640962941027,-0.11848990848425318,0.04480795234670889,0.5818926401657258,-0.19606818109430907,0.025128345385805082,0.016130126841142192,-0.07454978195677124,-0.04554141244501911,-0.36877045193427227,-0.05285414252617227,-0.043994365159446644,0.44715421322312543,2.168181606245343,-2.0798894829592194,-0.3218896366354392
4693.9439999999995,0.24390139385474444,0.5214588594041053,1.003326977962797,-0.12138101086034193,0.04448875089817524,0.5667961149590152,-0.19666346779334168,0.024943144469040567,0.016301525042083764,-0.07355962704223246,-0.042790067130436295,-0.3624718346331293,-0.053131639704414826,-0.04411596064571592,0.45963786486235825,-2.20779432744787,2.199627469761995,0.07375145279389185
4693.976,0.23756252585384208,0.5223210009906046,1.0038603878687653,-0.1238149801138265,0.04462145709454136,0.5553326097785761,-0.19644335130091156,0.024282286572503486,0.01683075880814059,-0.07525376445871826,-0.04148924522234744,-0.3677818526588405,-0.052774964988933,-0.04378684207508805,0.45927853039085714,2.0727459503149808,-2.074491894766944,-0.013689858038443697
4694.008,0.23131634271209486,0.5232198326190539,1.0043092908478366,-0.12618774064056,0.04463127863788417,0.5436246926232327,-0.19530476951480708,0.02785764246582781,0.015237133616188217,-0.07448442131508654,-0.04373567663795501,-0.36015675744248976,-0.051064725417476885,-0.04242981968908719,0.4570759200709749,2.137733444069313,-2.097777311891342,-0.1390703906364604
4694.04,0.225023603204076,0.5238845361715408,1.0048732666779188,-0.1284498032158512,0.044431442675754274,0.5318628908598361,-0.19760177910241708,0.024042267974977008,0.01582431642061945,-0.07379559421188263,-0.0463766688988841,-0.3720902779239382,-0.0498340873780446,-0.04182016505445611,0.45875100479374814,2.0286241752887255,-2.0822685642643526,-0.3329172609612905
4694.072,0.218772856961465,0.5247263289066453,1.0053763263499786,-0.13078339910098835,0.04457906053887553,0.5200299720716736,-0.1983024062843727,0.025037580839493683,0.014449301960812688,-0.06890079577010534,-0.045964670475291625,-0.3656292258872626,-0.050496796108527676,-0.04161631946283258,0.46875728433059394,2.1041990611916495,-2.1176280118483257,-0.17772355112815344
4694.103999999999,0.21231750624594442,0.5255762043557323,1.00585686575456,-0.1331622859210158,0.044416299650373844,0.5086415128245144,-0.19886055524307855,0.026887410208544522,0.015477710606886748,-0.07592502866598537,-0.046785218248806854,-0.35874520387530695,-0.04879816938643931,-0.04080072831238918,0.46905690372017655,-1.8997404921224077,1.9397368849982497,-0.19424608355335388
4694.1359999999995,0.20599595132437865,0.526269396113278,1.0064137672338413,-0.13536051868658577,0.044416613007478664,0.4967721042057612,-0.19840948317359214,0.02467781362331105,0.015594387803453676,-0.07435521113501435,-0.04521352255919126,-0.37059293362994283,-0.047509567313342944,-0.04011439552169409,0.46887099018328876,2.1002460115768287,-2.114043548531666,-0.17910431719431774
4694.168,0.19973857174410795,0.5270628967192841,1.006878172984531,-0.13763513515651796,0.044263594339062,0.48458254094315084,-0.19690640064264983,0.026989058982478657,0.014601713780036085,-0.07175585843653202,-0.04805944230430034,-0.36492041419343685,-0.04543307059823104,-0.03787259033518082,0.45526759391346394,-2.4275372340376937,2.344994979886509,0.2423608355209306
4694.208,0.1916984327765633,0.5281454638932168,1.00744091482743,-0.14052864316477123,0.04407358538897121,0.4698030953405165,-0.19783749283924557,0.02672570311288375,0.015323158759655986,-0.0801032697144314,-0.04432711314657051,-0.3599322301898253,-0.04543053807412255,-0.03842511681229382,0.4664543541627352,2.039772911523756,-2.0237471392277593,-0.21348896105449847
4694.24,0.185474868226118,0.5289268064234163,1.0079103375463323,-0.14285429097036229,0.04389606555100732,0.45782638574047196,-0.19365970049468376,0.029975361221847817,0.014464946890010946,-0.07893402161447031,-0.044079636786880816,-0.3610487925007945,-0.04519689941617159,-0.03873777415510371,0.4850459178257982,-2.2736565063788245,2.14494316304,0.06783308227970956
4694.272,0.17924633843037077,0.5298545068747468,1.0083893678073297,-0.1453359868727756,0.043802141126842116,0.44585298883243746,-0.19242631587561823,0.02703448722109389,0.014187735508281845,-0.07734596289345774,-0.04532247616287677,-0.3593244699617588,-0.04245779056933604,-0.03693143634042324,0.46655129033228754,2.0354671963392654,-2.019769463516066,-0.21504231000526083
4694.304,0.1731484193404669,0.5307355520352819,1.0088407421204775,-0.14773006703093447,0.04391713728465968,0.43456480971269223,-0.18561436196399111,0.028222585463478007,0.014097419350678337,-0.07942610617814658,-0.03651781534279765,-0.3370416326865132,-0.04058914563363302,-0.0351127976167436,0.4576899957539749,-2.469981756266339,2.3710459134569093,0.4311777179476967
4694.336,0.16730955098644654,0.5314541523128259,1.009309644265851,-0.14986510960681232,0.043840593784660827,0.42362410238041504,-0.1836612465094686,0.020493762030448722,0.012774103096667044,-0.06116193047234567,-0.04873017112220142,-0.3378655748885638,-0.04081891011415241,-0.0362746495452067,0.482930408700518,2.1156764157977728,-2.076311789774756,-0.14425876226636639
4694.3679999999995,0.16168684631016678,0.5322615463400703,1.00967508742214,-0.15194479158286162,0.04375701825026487,0.4129162071770729,-0.17534927936547046,0.025757767653212582,0.012767256439404944,-0.0705220461491384,-0.03989805331249673,-0.3210615757689299,-0.03950431716545943,-0.03456698988506464,0.48059990412717374,-2.447035235501136,2.3617060170879323,0.25518108957667096
4694.384,0.15885073835376892,0.5326586064127051,1.0099090867627136,-0.15298879464104922,0.04377010981905864,0.4080886705976995,-0.17086750344009552,0.02639145112732847,0.013310603602369252,-0.07088563526926574,-0.037785120337746045,-0.31793451571975967,-0.037116550024772925,-0.03249210051897063,0.4688999256834198,-1.863574458803581,1.7818143039162948,-0.3633968045837809
4694.424,0.15200808258572376,0.5335668699867542,1.0104816164602572,-0.15556418845677203,0.043714419897200096,0.39597025096968125,-0.16489501288701455,0.020410987875918433,0.01223661174309562,-0.058786005451071384,-0.040634378258711724,-0.29839396259148554,-0.036441200612152204,-0.03302957474867651,0.48067968835262187,-2.45088860725238,2.365726773164038,0.25809348609948407
4694.472,0.14445379447680728,0.534556124825065,1.0110308285668372,-0.15816429965684362,0.0435199379467439,0.3814201157600839,-0.15480473740653375,0.020915915182479417,0.011439996707965517,-0.05682338806239543,-0.03733627687371588,-0.28797869942615,-0.035940053009455485,-0.03214455036611642,0.4843649792834336,1.946735568084008,-2.026223481536633,-0.11148077961211562
4694.504,0.13952416349683372,0.535171545036298,1.0114193758951253,-0.15988187318738914,0.04346290360411932,0.37257843705346205,-0.15032584308103414,0.018126645381475803,0.012637437437141614,-0.05442702956414611,-0.03463770721255407,-0.26941519438014117,-0.034354073950724526,-0.03163952122320071,0.4832386698637765,-2.4891766933753714,2.388793690769252,0.4537153525457427
4694.536,0.134829920638409,0.5357167673897261,1.0118441511940286,-0.16162407713182744,0.0433596435034974,0.3639691158771005,-0.1421117032606022,0.016399833486353783,0.012456291819714527,-0.05372253122553883,-0.03206864843836653,-0.2589848470898361,-0.03176207478348285,-0.02949352105653576,0.4674475134332014,1.9387583466305298,-1.8873960706398,-0.38462109945173273
4694.568,0.1304673639288152,0.536236559190199,1.012204596996962,-0.1631537021597853,0.043244056965687755,0.3552395860823882,-0.1359332978994303,0.015392718054665775,0.011714106290537705,-0.0471280853203407,-0.032293294517132864,-0.2491389764447022,-0.03127415478475416,-0.030095026927893113,0.4833121353958788,-2.492604131126361,2.3930441971909193,0.45771266024295276
4694.608,0.12514293011633554,0.5369292754528563,1.0126001763087262,-0.1649562933443329,0.04309834866066484,0.34542324547971176,-0.128175566818385,0.015406685483022277,0.01022868620743111,-0.04390839111347217,-0.028474046659322835,-0.22954690189785038,-0.031496668366848196,-0.030340887613766566,0.49337727206953547,2.0079214390708033,-1.994712540021867,-0.2232065262387415
4694.639999999999,0.12109569985033233,0.5373889128880959,1.0129375343430056,-0.16627418592569565,0.04299205102573636,0.33803583564975054,-0.12078910155829628,0.013832258154811485,0.010376622406523518,-0.04477117774425775,-0.027345108118974462,-0.2204567499352568,-0.030610525478631603,-0.029794993879539405,0.49796440565710054,2.065313708501716,-1.954141393815863,-0.3634727916739451
4694.672,0.11732118975014234,0.5378043279341439,1.0132406527306776,-0.1675340164434666,0.04289348075875814,0.3309592007711102,-0.11428096513245303,0.014242852096100609,0.009351793488926842,-0.04281623054197097,-0.02600302664829224,-0.2095655964375825,-0.02766759036551975,-0.02840586235714681,0.48070256045909515,1.9557191048166311,-1.8491895303493564,-0.382237310392188
4694.704,0.113789087009124,0.538241516645235,1.0135706458291733,-0.16886972815928297,0.04299526558839398,0.3242907143160073,-0.10881846698020957,0.013933456280099761,0.010785778014647257,-0.04221244527038335,-0.022827187522882264,-0.19737301911917138,-0.027053011194453646,-0.02862453728858811,0.4909069826104024,1.9620007543908344,-1.916793626971809,-0.27343556273909997
4694.744,0.10964076995513483,0.5388880572812116,1.013887440306821,-0.1705058796521574,0.0429400845104503,0.3164259948894295,-0.09936219850889179,0.015576658057922181,0.00664230953974814,-0.03762454001549466,-0.023798407251901844,-0.18124801101387783,-0.025111057037472864,-0.027006285367630733,0.4834291768632471,-2.4995045662435644,2.401583110220904,0.4657616257684091
4694.784,0.1057246879379354,0.5393999625615313,1.014182671026834,-0.17180612743567303,0.04284280520610657,0.30949353635085397,-0.09197160668844506,0.012154289796326913,0.00798341865960662,-0.03403044125766762,-0.023285074890390934,-0.17317394880597192,-0.02441760006670263,-0.027059432404871814,0.4845498140124824,-2.529501497285933,2.419494803479079,0.6303114905193746
4694.816,0.10287429749726211,0.5398244309856264,1.014397686345781,-0.1728861589865134,0.04274911343836091,0.30421697946512405,-0.08609032010077446,0.010168766769089363,0.007854779977263375,-0.03098923189334947,-0.021201032310288997,-0.16404084425173696,-0.022956514245395982,-0.026320506728565198,0.4940759578446882,-1.7940927834024152,1.7873132219582173,-0.3755050668342329
4694.84,0.1008308452909211,0.5400349103922794,1.0145887937798663,-0.17349343955971158,0.042728951827454925,0.30054964560303804,-0.07967894334015695,0.009507344797130073,0.0075606510278556855,-0.029336174266874942,-0.016502247703300013,-0.1533238002251575,-0.021955952187687502,-0.025231749776907692,0.4809658101539444,-1.8289121644229498,1.7686471682052598,-0.3635078419802248
4694.88,0.09777256941911038,0.5404322570546612,1.0148277405298556,-0.17464220308130787,0.04277645225912085,0.2946363564663008,-0.07396104193176734,0.00881989700108331,0.006612992828700104,-0.027988431865667903,-0.017755659647790595,-0.14172617574067117,-0.021728248369695936,-0.02562792340867262,0.49399582520675195,1.910845919493924,-1.8602549987462547,-0.40108826410664483
4694.9039999999995,0.0960639480467339,0.5406019883907609,1.0150233589756597,-0.17523306227996105,0.04280003447887959,0.29144114250913666,-0.06779321415954848,0.009833467828220917,0.0055717009056519985,-0.028674696870496147,-0.013688774410818403,-0.12808001626512827,-0.02078958018028224,-0.025486514324839404,0.4909664271679416,1.952714987278634,-1.9082377512337148,-0.2768656236385078
4694.9439999999995,0.09347789546146353,0.5409189088812674,1.0152321369840132,-0.17616743782707928,0.04267730819665555,0.28645801668218906,-0.061353231978277085,0.005835111601076378,0.005909267261567788,-0.022279755830113615,-0.01619441394236594,-0.11794509739844489,-0.01989047385681307,-0.025995426919566834,0.5088188395454366,-2.4828759852906632,2.3932123005112436,0.2848487395107409
4694.976,0.09161788315959497,0.5412035353148141,1.0153741720585092,-0.17690986291758726,0.042791285661026204,0.2831766270087705,-0.05584973743661149,0.006753824263829996,0.005391362649057674,-0.02173276111061848,-0.01358166342278848,-0.09854331449602065,-0.018235526360212116,-0.023964082727400443,0.484626223584107,-2.535610076920546,2.4283167267407104,0.6399686783784243
4695.0,0.09032599975587811,0.5413424782180482,1.0154857753647704,-0.17735952556383552,0.04276289127715859,0.28081321105565327,-0.05003970443117934,0.004710853972854465,0.005568190936290735,-0.016905041744214807,-0.01195662518629028,-0.10064830217826749,-0.0177374208473191,-0.02477758674975512,0.4926540737932322,1.9625582939838493,-1.7971736336819157,-0.40262019963800466
4695.048,0.08813920128063658,0.5416162668053438,1.015662775531645,-0.17814953323721114,0.042762443650941485,0.27683148779149896,-0.040609462530943156,0.0034697058443442694,0.004473800686030963,-0.012567333742699988,-0.01064844280145668,-0.0733261989100366,-0.01699819543859433,-0.024048880834289757,0.4939850052079023,1.9043141464645075,-1.8541300621052694,-0.40517238940692896
4695.072,0.08720559538964438,0.541703802331994,1.015755322169869,-0.17839622045365813,0.04264994806641563,0.2752026550399034,-0.034451995035247526,0.004832281027837227,0.0023352719793128273,-0.013512122187538523,-0.014437877858887711,-0.07264521076530457,-0.017240267477827857,-0.02459360493420594,0.5141326897469678,2.0143405041788514,-1.966347412773195,-0.36326232254859386
4695.103999999999,0.08618193952070546,0.5418236608567615,1.015831205248875,-0.17872106614155978,0.042559537799411046,0.27309341290945705,-0.030226533862860522,0.0022901995034100694,0.0014865716999890297,-0.006027775643135679,-0.012211544094033284,-0.059123967553637614,-0.015950340770568946,-0.024489369808282774,0.5116547123622143,-2.5203805360284997,2.4181050449403583,0.49758422833364513
4695.1359999999995,0.08533738201374828,0.5419544232864943,1.015863721212521,-0.17903212470244523,0.042449391756129426,0.2714215269085698,-0.023529787947671424,0.0017316965593004848,0.0023120452633114594,-0.006770066693261739,-0.012634313022256104,-0.04726561765546985,-0.015950340770568946,-0.024489369808282774,0.5116547123622143,-2.5203805360284997,2.4181050449403583,0.49758422833364513
4695.184,0.0844303259800053,0.5420344424534767,1.0159218563336379,-0.17921770812543492,0.04230569542990032,0.26985062594123876,-0.012879062731930452,0.0016539012171770929,0.0011334917814594216,-0.0064389216287908365,-0.003950667406240193,-0.024647757059954537,-0.014592873083956858,-0.02320392273409615,0.49266674817741096,1.957492155877226,-1.7931188849512818,-0.40457592958909266
4695.215999999999,0.08414676762368871,0.5420875712561628,1.015940806427785,-0.17932416503458126,0.042256764220819865,0.26918989401184623,-0.006447020301643816,0.0004591257180609412,0.0006530114845275523,-0.0017914417297191653,-0.001485463415290655,-0.012678352614102474,-0.013494171276427346,-0.02316070637668823,0.4940257932285017,-1.809191879566994,1.8016938361035544,-0.36340958437700355
4695.248,0.08404757789360602,0.5420873803059532,1.0159394101757704,-0.17932322462399483,0.042174692713739324,0.2688780651658205,-0.000994839596228226,-0.0003217196683009145,0.00024622810352091756,0.00013501161266578888,-0.00013035366049183843,-0.0029284872346572073,-0.01354682148861528,-0.02224002816639181,0.4825369336906367,-1.7952202116778986,1.7376695725769096,-0.4530139700679656
4695.28,0.0840515098534113,0.5421344722221623,1.0159261113062628,-0.17934589647392588,0.0422071391394833,0.2689737953993815,0.0005674480689687471,-0.00044032380289855873,0.0001609845980527269,0.0002708047838259832,0.0007998349975326715,0.001082120870994234,-0.01354682148861528,-0.02224002816639181,0.4825369336906367,-1.7952202116778986,1.7376695725769096,-0.4530139700679656
4695.312,0.08406093679940976,0.5420749496503102,1.015956407085197,-0.17929888090354337,0.04215096258822913,0.26887832297942915,0.00016181645134327768,-0.0003029222978130281,0.00012832280476929273,0.00011083518312538822,0.0004392997268709247,0.0002729696769915417,-0.01383746344447996,-0.024356307790126163,0.5085857493627258,1.9256626255806903,-1.8158940699554469,-0.40462016921286653
