5024.16,0.21615409749118658,0.29804421370998957,0.8290362565148341,-0.002572547316606945,0.0022195355877377356,0.8024256756357578,0.03027043548602719,0.001635587233288046,2.812240176236992e-05,-0.0022123584979706055,0.004540489368360263,0.0028918910243341043,-0.201204241051022,0.03708981069852409,0.8908864735988322,-1.9790545641333543,1.8899643462702445,0.16772831922437503
5024.184,0.21691400262894495,0.29806103922171684,0.8290263969219741,-0.002614472730884502,0.0023303136939149837,0.8025106262821072,0.033661773727088874,0.0004968185009443677,-0.0010491270354202138,-0.0010454820863872087,0.002384408597399167,0.004131408533855378,-0.201204241051022,0.03708981069852409,0.8908864735988322,-1.9790545641333543,1.8899643462702445,0.16772831922437503
MISSING
5024.24,0.21900446938427995,0.2980674635016121,0.8289451883637344,-0.002561371540921689,0.002109083190564753,0.8029084011843478,0.04302962521106294,-0.0005902038036879599,-0.0009314238046291271,0.0027862854802508208,-0.004874013186369879,0.00839930873693023,-0.20542542613195727,0.03814090018503069,0.9195729539235067,2.0868486724852575,-2.217567000538135,0.8565363387502692
MISSING
MISSING
5024.335999999999,0.22400802051084237,0.2980287836930452,0.8288893080094203,-0.002550438337908485,0.0014268283798042928,0.8029121030037356,0.0639411473523915,0.0003574071042052839,0.00099168472349554,-0.0008850081544369767,0.0022158518476610707,-0.013778331675100773,-0.20243542061410022,0.03813473519309026,0.9194408346935737,2.0856968821072916,-2.215416259460286,0.8524653383453866
5024.3679999999995,0.22614830658389184,0.29802880312841784,0.8289028218354153,-0.0024774997710693874,0.0015630477778504472,0.8025904037623375,0.06898991734826913,-0.00111312835175153,0.0001425602027332159,-0.0028596012669648146,0.006192644442882075,-0.013629506472474451,-0.19535319755413844,0.03706798941133907,0.890371266100796,-1.9794143401996245,1.8922918305865752,0.17519993291324115
5024.4,0.2284154402529663,0.2979910237525153,0.8289171541491938,-0.002546780803415889,0.0018250207968656448,0.8024247391714161,0.07585392066466487,-5.149437203194339e-05,0.0004980063080903443,-0.005779806932779418,0.012206729028075618,0.0008259026829217186,-0.19243350470858217,0.037057407403473394,0.8901215172276007,-1.9796031770493137,1.8934827535865175,0.17892119300414772
MISSING
5024.464,0.23379500717963783,0.29800723070592905,0.8289755279848227,-0.002514364533944883,0.002095068356738535,0.8027284302116791,0.08800657080840112,-8.461342478129468e-05,-0.0013093713192436612,0.004853935824099743,-0.00891714700737875,0.0008127482661896093,-0.19347980199268472,0.038116815742059676,0.9190567247101629,2.082330664525365,-2.20899970840186,0.8403165605062113
5024.504,0.23750659341782146,0.2979980659866623,0.8289450208110886,-0.0024650725972297422,0.0017162721867548456,0.8024188485711802,0.09461285733482785,0.00026960259766932595,-0.0005892493132252345,0.002527719331187601,-0.004344319388198494,-0.006839399320864558,-0.19049921570521441,0.03811102657569012,0.9189324054954473,2.0812369403520714,-2.2068722170834745,0.8362872730274571
MISSING
5024.568,0.24404088979995084,0.2980437177122183,0.8289823980001982,-0.0024979851569712917,0.002219148618031862,0.8025190494825278,0.10775968080009787,-0.0005021045017715489,0.00046765090325378493,0.0019984733859703644,-0.002940257495510552,0.01946975024827561,-0.1961619405938751,0.040397376597744394,0.9722661748364425,-2.209592486266377,2.2078150967618444,-0.02036124131882306
5024.599999999999,0.2475132440162421,0.2979892659142416,0.8289594174252033,-0.002539025353059082,0.0018243836184690288,0.8027004104044636,0.11376646202646948,-0.001170264224646858,-0.001966156305141861,0.007453242127697702,-0.01510299719477611,-0.004338933558627245,-0.1749904848963559,0.03699812222860791,0.8887200777933364,-1.9808480382625504,1.9009782390601084,0.20106910431074107
5024.639999999999,0.252404017122995,0.29800366388139093,0.8289574997893424,-0.002518354107811452,0.0017937702273239122,0.8022230579947389,0.12588097129030387,0.0007630635358710736,0.0021843645179051036,-0.005397457698263922,0.012332476275292985,-0.0014983860693010148,-0.1720949308583483,0.036988884684109484,0.8885007944044293,-1.9810722080047451,1.9022814999077102,0.20473389631634192
5024.672,0.25648026444544453,0.29799294651255825,0.8289685901856743,-0.0025349152418249177,0.002065298220118568,0.8025010529567852,0.13169279162315928,0.000525132916597365,0.0001433916148613715,-0.0034853108020261037,8.494040565811726e-05,0.018417877023271512,-0.1692024497704718,0.036979814617539575,0.8882850635251173,-1.9813006018541786,1.9035990155546463,0.20839204806471476
5024.704,0.2607015853353092,0.2979604358396791,0.8289453794747048,-0.0025331426780268724,0.0017492380119307047,0.8027902439484706,0.1358477741009646,-0.00016607136444912873,-0.0010952879860956497,0.0057401551961176024,-0.011415887631264913,-0.004216766182960139,-0.18068200077483684,0.04042387638229538,0.9729459687845604,-2.2117003416307233,2.210240684839152,-0.01612989050266858
5024.736,0.2652892010790691,0.2980255871609501,0.8289607223064293,-0.002543383605697845,0.0018997217508522769,0.802395619005129,0.14457256342624114,0.0013203693001470128,0.0022856598186488898,-0.007984982772576178,0.01621110565943815,-0.006106974521677894,-0.16054258280612332,0.03695354919622124,0.887657242669014,-1.982009132589017,1.9076329138156167,0.21933001032296628
5024.776,0.2712148465057287,0.2980799522564099,0.8290039626118804,-0.002562082477261297,0.002276546390032782,0.8026377876330686,0.14819671885979863,-0.0006522595874863525,-0.0012170316450654407,0.005875282347090336,-0.013220423180622375,0.014261477190166533,-0.16080696396253516,0.03805749714764221,0.917761682329215,2.070975648096823,-2.185866187737798,0.7964823398244342
5024.808,0.27602589693383756,0.29802500758936123,0.8289657006854947,-0.0025121661830815835,0.0018016319414773448,0.802722665878675,0.15634992155127603,-0.0009366397103152493,0.0007924241642837551,-0.0008137916416137826,0.002316736765816054,-0.011101960351865251,-0.156408342505987,0.038176540188612156,0.9174384023022905,-2.0580197168761183,2.0592752828265533,0.32543087590574477
5024.84,0.28118007588561894,0.2980139968351256,0.8289450124479336,-0.002493630715761109,0.002065894171629619,0.8025191369852915,0.16294414467542637,-0.0006848824139660628,-0.0007131502409770159,0.0018919561847869817,-0.003538112095045682,-0.0011380173028220448,-0.14616321823296624,0.036912569992838755,0.8866640764303009,-1.9832561406242801,1.9146034179538571,0.23745744598552768
5024.871999999999,0.2864400961357305,0.2979338415848209,0.8289419085410958,-0.0025352317625180303,0.001640425537702746,0.8026883504439803,0.1716208176990685,0.0008093825640154401,0.0007626293747078879,-7.739410278840672e-05,0.0010955257574008482,0.00975314402851925,-0.14602844372817397,0.03803310076671032,0.9172016351250725,2.066228318663227,-2.1755112500307137,0.7768697642077426
MISSING
5024.936,0.2978446207256217,0.2979909444200262,0.8289891107811693,-0.0025428863354108825,0.0018137497041212896,0.802400420601784,0.18410949389526146,0.0007162543876524891,0.00023761445666650667,0.0007977737070013312,-0.0022027095899959303,0.0063883259774302125,-0.14349492953233087,0.040477845544321565,0.9742562534254882,-2.217098369343043,2.2163384617669766,-0.00431843804184689
MISSING
5025.0,0.30986733986935994,0.2979693847378265,0.8289608628527967,-0.0025932787342322866,0.0015212804766269082,0.8025073498891206,0.19632215252554455,-0.001036320558350745,-0.00011445092339179547,-0.0005444913246202207,0.0006088683943317475,-0.014057053601304171,-0.1224590228239857,0.037996067774061275,0.9162924253776862,2.059020960437037,-2.159078138619157,0.745830202450788
MISSING
5025.063999999999,0.3225329139112146,0.2978793383293145,0.8289358885969761,-0.0025912394420743745,0.001487594091999171,0.802552601448293,0.1889527067209256,-0.0006893094293656445,0.00022597793297950017,-0.001712925074109884,0.003834088638815928,-0.0027396645262842273,-0.10619325191268177,0.03664473755983877,0.8841215574871111,-2.30748675844373,2.3689174806189013,-0.7245004347044557
5025.103999999999,0.3300840085535417,0.2979339102324528,0.828969438087081,-0.002578821821877409,0.0015221946352052134,0.8023110454818337,0.18199004229803858,0.0009831918839091913,-0.0012574883844562262,0.005949835609029249,-0.015542478208052025,0.003234329765265596,-0.10936289472879109,0.0405147984968704,0.9749879016871913,-2.2218381629641137,2.2216018241965045,0.008058707334399099
MISSING
5025.168,0.3411503939816302,0.29790268867706343,0.8289036255805817,-0.0025540356220920893,0.0011117151115925354,0.8027383894834932,0.17215854993306498,0.00032926658308281254,-0.0008546987150028524,0.0034511361844529686,-0.008857993724113196,-0.004599509915116384,-0.08633263535441776,0.03659633822625176,0.8828203980518595,-2.329454672490246,2.3802805668871523,-0.7066500924373657
5025.208,0.3478237571800278,0.2978835360654581,0.8289554028956289,-0.0025279746907277785,0.0012531831537875152,0.8023398683513385,0.16388893960922166,8.15948618092527e-05,0.00044516097220710367,-0.001093978220279386,0.0037566938212956567,0.000791649705180288,-0.08290543778511611,0.038070275313287626,0.9144764854640808,-2.0629346174694554,2.0911688259237007,0.41055015156825514
5025.232,0.3517787750041865,0.2978791320908036,0.8289905642924125,-0.0025544336715999246,0.0012422770507301238,0.8023502368434675,0.15425707784168682,-0.0015547721288493952,-0.002237153936530568,0.006952939670315003,-0.01900787816778874,0.009024213199956622,-0.07705333970197344,0.03806161110574836,0.9141936534165881,-2.0633606492947374,2.093913004433602,0.41751019053577687
5025.272,0.3581068215254505,0.29788548747624105,0.8290011427023491,-0.0025188486005482736,0.0017017512120851654,0.802658801461691,0.15111252769659217,0.00068683705594253,0.0013462147495002436,-0.0034542024552103993,0.010654768411701683,0.0028313179869075404,-0.06936204407062593,0.03655569328200271,0.8816579209317791,1.9648802309748574,-1.9995099999031705,0.5780053338114948
5025.304,0.362675429002707,0.297854867283769,0.8289976799100129,-0.0025672668921621973,0.0013477982904089632,0.8025364546213708,0.14037453953820792,-0.0004390727025344244,-0.0028947730753176117,0.006114530590230991,-0.017260587561308542,-0.010231977250847119,-0.06897100663735604,0.04054032812876648,0.9751289977009073,2.2169174294528777,-2.2171066152091403,-0.02421562553690628
5025.335999999999,0.36715411703452416,0.2978827524018129,0.8289434451380737,-0.002538771841066221,0.001395513290320384,0.80217410020576,0.13941070181898857,0.002258330092595022,0.001986272957359564,-0.007483839973002624,0.022274861062853764,-0.0030236890975451486,-0.05951624911534244,0.0380348019692358,0.9132802414777331,-2.064618001756972,2.102247127907088,0.43851795900137586
5025.36,0.3704137228733974,0.2979248060380069,0.8289511246723567,-0.002551495445573565,0.0016029007411210551,0.8021730114313834,0.132413863484264,0.0007973847683814976,-0.00012417562659210784,0.00041595616520199877,-0.0008766771535318322,0.0034742187691713146,-0.05243384438885318,0.03651501352964459,0.8804269597423642,1.9603039974384597,-1.986511922455135,0.5585530616152208
MISSING
MISSING
5025.472,0.38394954774935885,0.297999105255698,0.828933838480448,-0.002653075253988888,0.001538551390272277,0.8027634536830168,0.10669027018371423,-0.0005800111163672447,-0.003063651952124311,0.006515585083066357,-0.021298088918214858,-0.009862919506339496,-0.03930517575637439,0.038941611150699496,0.9184406479174301,-2.0633954547899127,2.1656195757697416,-0.14139360181915964
5025.504,0.3872750281710493,0.297972405885178,0.8289583512619323,-0.00262561926196282,0.001323244102210311,0.802448667738702,0.10436537904639606,0.0008319842436570392,0.0005073562304892062,-0.0021424831830463282,0.006001454079899475,-0.0068097868004611565,-0.037863996695103375,0.040540432908920176,0.9745058113733058,2.2164022878804657,-2.216868326363352,-0.04002302572746945
MISSING
5025.568,0.3934638848344458,0.29790816188817054,0.8290054181947899,-0.0026221215608120776,0.0014518678229691953,0.802276760827772,0.09127108014313133,-0.00014123123681540292,-0.00010705441036998458,0.0035895180339354043,-0.01113145833489347,0.004851218957026484,-0.027111773709646965,0.036452592870381634,0.8784112651573185,1.9534909118196808,-1.9669484575545715,0.5294316494051344
5025.599999999999,0.3962641787172221,0.2979001353087706,0.8289812544473931,-0.002625495520800435,0.0011998604504237617,0.8025737493081504,0.0856813320847667,0.0007846561131728066,0.0004894543813298367,-0.0001483578752116726,0.0005624964424058921,0.010908277925463134,-0.025415972341988585,0.04053307986193094,0.9740057590053508,2.216940893874933,-2.217610121371812,-0.048731605408630085
5025.639999999999,0.39963359697903234,0.29794506320942743,0.8290529704352881,-0.0025553067057297123,0.0018461038692817928,0.8030032827196629,0.0736440057194147,-0.0012439158728691944,7.217671880671677e-05,-0.0013917794436972795,0.0046181517540551725,0.0048771564527793475,-0.020096193000458763,0.03782774959259096,0.9108790778729414,2.0298599012300227,-2.0873129378122637,0.6140704807433597
MISSING
MISSING
5025.736,0.40588688928630917,0.29799164835936337,0.8290428939162302,-0.0026390507041065482,0.00131420785487859,0.8027219964227579,0.054652618349910885,0.002951081997855394,0.00027909608244130335,0.0014272104350658513,-0.0044642878830919545,-0.0074078039753038335,-0.01296893401070762,0.0405203802052042,0.9733334748102117,2.2176135322790063,-2.2186338311554064,-0.05965291830115236
MISSING
5025.808,0.40913155902015,0.2985106292906045,0.8290786526618191,-0.002584224728343976,0.0015375166594300844,0.8024788294533274,0.04043088194435985,0.011439079520893196,0.0016073221309803032,-0.0034588131507179414,0.011107407039205014,0.000488595633811357,-0.007471536780119317,0.03657588296519788,0.876624934827777,2.404275967025502,-2.399695432358925,-0.4987712839826528
MISSING
MISSING
5025.9039999999995,0.4121206917119571,0.3001464872073204,0.8290872130710447,-0.0025998634842662417,0.0015649253372689606,0.8025799588945896,0.02456881925813751,0.021914930411793848,-0.000517773488233839,0.0016031787201703966,-0.005300516838411747,0.0033494443473193964,-0.0018676442277843492,0.036561380462645315,0.8761005594835479,2.399116475628592,-2.3980508278530515,-0.5063642523947534
5025.936,0.41285702488630227,0.300911319286829,0.8290504921059513,-0.0025716780115414934,0.0013374138495062817,0.8027096545859402,0.019986487522907808,0.02523387478692719,-0.0008649189628878,0.0027755581861102327,-0.009041377190702344,0.003965674848681363,-0.0005268228471118194,0.040502299764170885,0.9724889290805169,2.2180609123688435,-2.219650252161129,-0.07289734070742455
MISSING
5026.008,0.41381807730980175,0.30297062485266696,0.8290316364911148,-0.0026274415215724015,0.0011264164685476112,0.8028481711576767,0.013361448592256964,0.03294893431078494,0.0010966825114633542,-0.0026312091685611948,0.00803332366143387,-0.00037955096933235536,0.0009330130065352941,0.0365540552719484,0.8758334017129049,2.3965283094787013,-2.3972222725619816,-0.5101493634035673
MISSING
MISSING
MISSING
MISSING
MISSING
MISSING
5026.24,0.41421737601856157,0.3138525844131676,0.8289639958572688,-0.0026182180480963106,0.0011260397888340917,0.802558711096871,-0.0031969808084231313,0.06637888729563611,-0.0010728923429930788,0.002013953391204596,-0.006220902712082524,-0.01166663168526688,0.003726137624614267,0.03784237047886133,0.8748765251085299,2.217013714461149,-2.218980784361764,-0.07786650077491275
MISSING
5026.304,0.4140878484145824,0.31858639313619413,0.8290348142166989,-0.002626436927062375,0.0014145938749928308,0.8028474440644205,0.002694577501305142,0.07931779799185605,0.0017457997178757113,-0.005499327032253256,0.015329237407076035,0.01093913528767129,0.0022537100007892956,0.03795114239190917,0.8778067185224359,1.9493551520485217,-1.9686637365700048,-0.40930518713942443
5026.344,0.4141161891806574,0.3219373458243396,0.8290654910698159,-0.0025281423893452086,0.0018999179225356268,0.8027678481839449,0.0030766282500046403,0.08589712677215028,0.0011567576921313993,-0.00442874181977854,0.011667577658455922,-0.016315814624557733,0.0022537100007892956,0.03795114239190917,0.8778067185224359,1.9493551520485217,-1.9686637365700048,-0.40930518713942443
5026.3679999999995,0.4140877001111464,0.324110404717958,0.8290407872224589,-0.00257982062491015,0.0019300941267266596,0.8027269419872916,-0.003909882267933809,0.09027738762008078,-0.001446062891584511,0.0028688843669130546,-0.008609561427719877,0.00016485156976492674,0.0022537100007892956,0.03795114239190917,0.8778067185224359,1.9493551520485217,-1.9686637365700048,-0.40930518713942443
5026.4,0.4140450042072988,0.32707830609831956,0.8290017324300778,-0.002630009284365683,0.0015137229138442571,0.8029467622142304,0.0007436285831103239,0.09897133725388886,-0.0016317532464265468,0.002766557639411675,-0.00787701299506722,0.011864887316926056,0.0022537100007892956,0.03795114239190917,0.8778067185224359,1.9493551520485217,-1.9686637365700048,-0.40930518713942443
MISSING
MISSING
5026.504,0.4141410491051923,0.33859652049848743,0.8289772411698066,-0.002613913132737366,0.002155372266387396,0.8031461196698404,0.0004300979218128296,0.11814538660011101,-0.0020922988642675697,0.0006271425315196016,-0.002531359414333047,-0.016606804446992383,0.0022537100007892956,0.03795114239190917,0.8778067185224359,1.9493551520485217,-1.9686637365700048,-0.40930518713942443
MISSING
MISSING
MISSING
MISSING
MISSING
5026.704,0.4141438358505101,0.3662806305473074,0.8288691926500222,-0.0026865418375728485,0.0019122770543992967,0.8025313467160834,-0.003930534933377328,0.15723111171279652,-0.00038634334832711757,0.006448113879260428,-0.015122091340204046,-0.009926263467936302,0.002277382737019645,0.040822069247666515,0.8628341971194945,2.170850527426295,-2.3539046908578913,-0.5330614413654212
MISSING
5026.776,0.4139430591548381,0.3782721936374491,0.8289259705919119,-0.0026668130794193796,0.0017591693780587758,0.802664799780074,0.0012914851011012441,0.17334579711444967,7.975043373620539e-05,0.0015511131096025044,-0.0038857591002760847,0.013794079263215875,0.002320965279764206,0.04182192952334691,0.8705062276532144,2.3240658610024645,-2.1053451013416034,-0.0770636829906419
MISSING
5026.831999999999,0.41409001325591066,0.38829327897206795,0.8289991406542584,-0.0027005956771673175,0.0020575507373719994,0.8030680840568014,-0.0004973778735175968,0.18472664219593013,0.0007579158374738798,-0.003898428687650308,0.0069727293428576325,0.009822412787452271,0.0015773307515643338,0.04077422052680714,0.8232912843042619,2.029494497905476,-2.071304193172398,0.5727639962205695
5026.871999999999,0.41394179800220576,0.39588692831464156,0.8289061647429843,-0.002672423942017536,0.0016027756209970882,0.8028885782505261,0.00017032642305784746,0.19242540932196767,4.758330086917502e-05,0.00013987529081728556,-0.0008663610307857902,0.006514384519794323,0.0015773307515643338,0.04077422052680714,0.8232912843042619,2.029494497905476,-2.071304193172398,0.5727639962205695
5026.9039999999995,0.41402899127941484,0.40199385309804037,0.8289510948981782,-0.002735074119905242,0.0018128573829026748,0.8027022875044868,-0.004380530351339426,0.19058884266611972,0.00014196996381110488,0.0035066246215162654,-0.007504438919632982,-0.013769008804567868,0.0021323666767789004,0.03959342059362589,0.7960286912032598,2.3838067910831335,-2.3854347444918447,-0.4754576727641992
MISSING
5026.976,0.4138477000738389,0.41526709716943094,0.8290203520548108,-0.00272388534841934,0.0017106941176298245,0.8024693755894935,-0.0033491336369870237,0.17506168198612077,-0.0017469920200718278,0.007459606522505123,-0.014040302749992227,0.010392891348024241,0.0007722445393152698,0.04087624060348865,0.7981269482221294,1.959561967573118,-1.981368873055358,-0.3809838513977499
MISSING
MISSING
MISSING
5027.112,0.4138896551609742,0.43730287990603695,0.8290549516671606,-0.0027217539891962067,0.0017125479970666667,0.8023994764504266,-0.002187147877451876,0.14740112757145576,-0.00015847173052467112,0.00406634103343178,-0.007213354874318061,0.012117312840495097,0.0007766541609481453,0.043426695506940866,0.7981439838991291,1.9579109254852833,-1.98105572632837,-0.3779682639022765
MISSING
MISSING
MISSING
MISSING
MISSING
5027.312,0.4139999484329176,0.46216209234983047,0.8289861103236884,-0.002570116284058586,0.001629929263113885,0.8024494722543812,-0.001687893604648292,0.1114787487856941,-0.0010387520894166566,0.006661294668900372,-0.008389508438726755,-0.004856285023106668,-0.0004103195287187148,0.04582446142583407,0.7952239812814892,2.2098159102814985,-2.2125219319236726,-0.0730871485446939
5027.344,0.4140788840603949,0.4665103566998699,0.8289923378576693,-0.0026203762872767183,0.0017365704711708421,0.8020391828589539,-0.000248236549235483,0.10475228449037852,0.0010330613098929458,-0.0057407138702386855,0.010013565378965578,-0.0021459042706596628,-0.0004103195287187148,0.04582446142583407,0.7952239812814892,2.2098159102814985,-2.2125219319236726,-0.0730871485446939
5027.376,0.41410312000697086,0.4697838576852675,0.8290312673249725,-0.002688094144461616,0.0021438971851046288,0.8022921241901003,-0.00128269029459765,0.09816560295461163,-0.00022443585078062332,-0.00016897492909666087,0.00082341709547561,0.014569297853737317,-0.0004103195287187148,0.04582446142583407,0.7952239812814892,2.2098159102814985,-2.2125219319236726,-0.0730871485446939
5027.407999999999,0.4140119132195521,0.47272494267898063,0.8290107995615136,-0.0026076410166153722,0.0017521555800883147,0.8025584291149023,-0.0031069881869549205,0.08982916381926681,-0.001104327147108553,0.008909001259891768,-0.01301903132874755,-7.053905390491766e-05,-0.0004614886235648125,0.0433160189660801,0.731710564616398,1.9681462728864116,-1.9922562140221085,-0.3550528478027428
5027.432,0.41387400812886793,0.47481580908942284,0.8289954690660638,-0.0025587277069529482,0.001281784558250751,0.8024786084761485,-0.0040216860013216,0.08306647316286438,-0.000843001734502996,0.007906808783911184,-0.01146526996408304,-0.009595477175869442,-0.0004614886235648125,0.0433160189660801,0.731710564616398,1.9681462728864116,-1.9922562140221085,-0.3550528478027428
5027.464,0.4138620042605057,0.4774284383315224,0.8289777117939054,-0.002487455756377067,0.0013529120020610043,0.8021338734012248,0.003930709150743923,0.0813601005358574,0.00124391916731641,-0.009593597372823802,0.014423895543599434,-0.003925832018102622,-0.00029642529233986413,0.04517709423163702,0.7535698884429829,-2.152963684094869,2.0849253203416493,-0.5756840263376608
5027.504,0.4140119077369593,0.48045912344337377,0.8289979818023181,-0.0026817257503662403,0.0019364241654500083,0.8022681042373949,0.006003064883823503,0.07386279606668507,-0.00010371004903288002,-0.006577328290306914,0.009781549961938939,0.006971521882277891,-0.0009387576787263638,0.044361644790360574,0.7507586030153485,2.1232236940633933,-1.9776040962360957,0.5654701576258759
5027.527999999999,0.414067849660965,0.48213398688379916,0.8289795099297854,-0.002601788934140088,0.001963274546442936,0.8024903428777884,-0.0026293733221460966,0.06453820089270867,-0.0011431591730323742,0.006782445147280431,-0.009788020707214457,0.009859553608529692,-0.0009500051795372768,0.04529182406073674,0.7555024164834627,-2.301665323844166,2.196442149961059,-0.3478566984269341
5027.576,0.41401067146259735,0.48502573741789223,0.8289584781651554,-0.002531745486853308,0.0012940002066696083,0.8026004044453767,-0.003035421692696921,0.055156407811938556,0.00023797544256720242,0.005519748942708875,-0.0078928595293412,-0.006072272348097689,-0.001529630978196278,0.04447148631164376,0.7299015432391367,2.3752159192539404,-2.3746329861895723,-0.43398834570677985
MISSING
MISSING
MISSING
5027.696,0.41400992979800194,0.49067314412028096,0.8291130859032252,-0.002678629225514999,0.0020708777907502995,0.8023411152024854,-0.0012342368929636903,0.04094707501525026,0.004662284270203031,-0.0015906552339424917,0.0023049625454412315,0.010498428500468905,-0.00153469535596608,0.04549637555497307,0.7288954350309544,2.207486958435185,-2.210468776421544,-0.07085263202647347
5027.744,0.4139959255268248,0.4924972471398622,0.8294267416963665,-0.002683063140171035,0.0019042089504591455,0.8027671428305783,-0.0011397413673485863,0.03500561111620412,0.009119065549731888,0.00426528473168731,-0.005968634235503046,0.009309684638790693,-0.00153469535596608,0.04549637555497307,0.7288954350309544,2.207486958435185,-2.210468776421544,-0.07085263202647347
5027.768,0.41395247738726276,0.49329909454270054,0.829724303976775,-0.0026592420740679423,0.0017316794808326422,0.8029444040964904,0.0005068267492380908,0.03288091942736027,0.010620207820433268,0.0042130749120867705,-0.005903348976495588,0.005239581491340526,-0.00153469535596608,0.04549637555497307,0.7288954350309544,2.207486958435185,-2.210468776421544,-0.07085263202647347
5027.808,0.41395000263527093,0.4945076533552053,0.8302494728140175,-0.0025320853492098606,0.001431061957270372,0.8030593769324296,-0.002004792160812338,0.025693692505462804,0.015387978236141577,0.006879146815254743,-0.009629735172339024,0.00039567603998452635,-0.00153469535596608,0.04549637555497307,0.7288954350309544,2.207486958435185,-2.210468776421544,-0.07085263202647347
5027.84,0.41390145698348235,0.49531360034959465,0.8308047324634289,-0.00252486818321648,0.0011674296559660144,0.803092233632753,-0.000303987890052607,0.02365247227568807,0.019710048457049392,0.002259955515034749,-0.0030971992592679952,-0.0009553810433471472,-0.00153469535596608,0.04549637555497307,0.7288954350309544,2.207486958435185,-2.210468776421544,-0.07085263202647347
5027.871999999999,0.4138435837288866,0.49597793124560213,0.8315689225693388,-0.002475099502131586,0.0010537388911072865,0.8029461469802588,0.0020478879273009504,0.021475058656197026,0.024893963989520762,-0.0035881697525575454,0.005110760562526225,-0.0070232725627102826,-0.002021040088844699,0.045308287104004925,0.725702819451231,-2.056474784883233,1.9942858955036236,-0.2344348927373174
MISSING
MISSING
5027.976,0.4139169285235702,0.4975892367094473,0.8350586757675416,-0.002592997071833361,0.0016349858159400504,0.8023294141128308,-0.0012441627820823995,0.007912422369512801,0.042792541323481474,-0.0006544067814779117,0.0009639761565379445,-0.003040651170197223,-0.0015389590130636586,0.04317250000003285,0.7289900369339973,2.2089759269497393,-2.2117083910595,-0.07077539186050077
MISSING
5028.032,0.41404740803126044,0.4979135259713796,0.8378146497899148,-0.002697874404194776,0.001881900787611299,0.8022935479428869,0.0006979705163541589,0.0023452976058590176,0.05585952993678155,-0.0006616479291232788,0.0010152795161359946,0.000578089543853516,-0.0015429733231480803,0.04084822281788705,0.7290814052728857,2.2104680668970764,-2.2129584682249166,-0.0706210437085829
5028.08,0.4140406218386505,0.49791929788244577,0.8407774992678745,-0.002687756352398379,0.0019524250124245066,0.8023058777246627,-0.0015697714660471058,-0.001147876308030042,0.06267462440031199,-5.830533497934074e-05,0.0001691578795119646,-0.0006469950170102166,-0.0015429733231480803,0.04084822281788705,0.7290814052728857,2.2104680668970764,-2.2129584682249166,-0.0706210437085829
5028.112,0.4139519079945867,0.49785750372381343,0.8429246203699025,-0.002646516557002753,0.0018266201213682821,0.8023061919794378,0.0011684894512076333,0.0008239393956955473,0.0720872015662088,-0.00298518178092225,0.0042696624395785095,-1.8768112063097755e-05,-0.0015467377548219086,0.03852354084643772,0.7291694830699773,2.211963001490893,-2.2142189561272696,-0.07038418691665961
5028.1359999999995,0.41391335293538595,0.4978417829939715,0.8447033824663165,-0.0026385602343527194,0.0017932654122900867,0.8023305074807059,0.0006575355778191408,0.0004635113547005917,0.07543862651406229,-0.0009179787065101231,0.0013869064976227339,-1.8733174998021345e-05,-0.0015502517125540953,0.036198451105135664,0.7292542073635219,2.2134603152585766,-2.215489787588457,-0.07005903934154813
5028.168,0.4140658530173129,0.49791460305366864,0.8472235140611721,-0.002682233565133092,0.0021048407896236427,0.802306537944168,-0.00014919191236471583,-0.00010335229173091138,0.08265601995711294,-0.0007980232579646641,0.0012212448442627236,-1.67724725592188e-05,-0.0015535145304766522,0.033872950887372494,0.7293355092586848,2.2149595370229433,-2.2167708644762363,-0.06963934768768702
5028.2,0.4139697582454747,0.49788019052000493,0.8499929957428041,-0.002674177270548059,0.0019600144833533746,0.8023309453491013,0.0005346344577847728,0.00039549678116601475,0.08937129455420546,-0.0006305548609003149,0.0009959641076261222,0.00024969234831834404,-0.001556525480532761,0.0315470377511426,0.72941331136894,2.216460103989793,-2.218062027178837,-0.06911842910037723
5028.24,0.4139549511923692,0.49787901371477095,0.8538044512852171,-0.0027025282999940657,0.0019240523945946934,0.8023312941728666,-0.0004639819028320223,-0.00019878824092433775,0.09583387106153075,0.0014255963765106429,-0.0019016119679647206,0.0007359274953647164,-0.0015592837533669611,0.029220709636145877,0.7294875273508544,2.217961378239956,-2.2193630703006986,-0.06848905704753872
5028.272,0.41390709816324917,0.4978677948668734,0.8569650176404602,-0.002670317277491705,0.0017852681014231748,0.8024393302219709,-0.001387904541839777,-0.000848658929835852,0.10336323909311,0.00344896425655439,-0.004721563858392423,0.0006789528038702373,-0.0015617884937031425,0.026893964846415375,0.7295580573530515,2.2194625485809514,-2.2206736545930106,-0.06774363399936112
MISSING
5028.335999999999,0.4138330392078994,0.4977889558023728,0.8639678195347401,-0.00247020383052899,0.0012397886950119967,0.8024392167487958,0.0016250752478454776,0.0013276024787984239,0.11794359217654322,1.0924355874781862e-05,9.521298249232889e-05,0.0003454147237202476,-0.0015677724943566778,0.019911221927600347,0.7297462675294223,2.223953929696904,-2.2246565057129493,-0.06473083467918085
5028.376,0.4139478267033049,0.4978846585276057,0.8687866949433196,-0.002527549470017168,0.0012249661320727547,0.8024510272617205,-0.0013317992394398283,-0.0007775070877241629,0.12436631410813848,0.004146566244024515,-0.005675322215747367,0.0010770698040993242,-0.0020550367188209807,0.0174830586152041,0.7248322730277823,-2.0281169915696817,1.9780454599553534,-0.1945560864410038
5028.407999999999,0.41385575196499425,0.49785884967024036,0.8728849531188692,-0.002442016814875292,0.0009619826561126116,0.8025348365773349,-0.005410641440904267,-0.003684251155666698,0.13191975994920724,0.007278734532028174,-0.010053079707095633,0.0005467448907206021,-0.0015714450861433046,0.012924737916222916,0.7298956029301781,2.2283851927581226,-2.228687389175436,-0.060397901463860204
5028.432,0.41375836574515,0.4977964712613672,0.8760913470020899,-0.0023935814870351185,0.0006389104684907876,0.8024628139364843,-0.0018516966298503222,-0.0011317642179638078,0.13626977019194256,0.004497741621251713,-0.006156754410366601,0.0003844432516471124,-0.001572608811198795,0.008265070720093587,0.7299698828411724,2.2312561719941226,-2.2313612699609933,-0.0567356749954788
5028.472,0.4138581840718181,0.4978455597200415,0.8817610580525833,-0.002415762364658084,0.0008609573574708395,0.8024867249739012,-0.00016067764211236983,8.995292735991332e-05,0.1448019417973369,-0.0024782726988600073,0.0035876019303928337,0.00030455660997243307,-0.0009944254868270634,0.004296653705193825,0.7562820273464671,-2.2689208392550553,2.1719158368423472,-0.2622947492781392
5028.504,0.4139620259471365,0.49791744398262705,0.8865041626914276,-0.002493996022065527,0.0012194258082182626,0.8024507286430985,0.0008885393404802665,0.0008502500306769769,0.1514345694818306,-0.005560035903372746,0.007897858998083134,0.00030087759884758097,-0.00151982103771828,-0.0005590111329054802,0.7233800185253101,-2.300391101643395,2.2533531107402935,-0.5290685502676156
5028.544,0.4138783535952938,0.4978878776586525,0.8928057003706532,-0.0025644204449050433,0.0014331910188964023,0.8025831393972137,0.0025415368929433907,0.0020461490490798736,0.16015904356772792,-0.007172021696517054,0.010163700123930587,0.000485145822481789,-0.0015196071852742828,-0.005178315750514955,0.7234227122743951,-2.297828441962595,2.2518822667884937,-0.5192967214655047
5028.576,0.4138905981346575,0.4979009284779364,0.8967246058653012,-0.0026067870100287393,0.0016856759116613638,0.8025232343736604,-0.003313429521958539,-0.0021321802873751666,0.16673461460901576,-0.0034989029204506965,0.0050279885429036185,0.0008783199107076668,-0.0015727316583528225,-0.010398264955379119,0.7297932374782174,2.202053913007505,-2.201805366620856,0.001232814411557192
5028.599999999999,0.4139976313853439,0.4980009529278951,0.9021236946891958,-0.0026961072251568082,0.0022078346995703536,0.802558706528241,0.00159394076896458,0.0013835180395225313,0.16941462523642797,-0.0049651175536334895,0.007098933291697583,0.0008627117363193237,-0.0015713234369792125,-0.015057464334347669,0.7295649737926976,2.2001712839092997,-2.1996572041746694,-0.0068361602946206065
5028.639999999999,0.4139578859583479,0.4979655409294637,0.9090054414908957,-0.0026519144636621412,0.001969794201141731,0.8025578760365802,-0.0033942422889230756,-0.0021699961990980527,0.17784054154642376,0.006749025008211557,-0.00924560884257315,0.00042090979988144305,-0.0015689088334592356,-0.019714609705636828,0.7293130982637787,2.198592256352955,-2.1977355167897574,-0.015258175012094607
5028.664,0.4139015777230924,0.49792233054396606,0.9133904928348611,-0.0025793805384568855,0.0016563335454008964,0.80262880804755,-0.004987377837707909,-0.0032991536296442005,0.18413438427429538,0.009953343075372129,-0.013712064850228878,0.00032270121183254364,-0.0015069863385640204,-0.025982944894395774,0.7234509726287531,-2.2862420871056117,2.245008943412207,-0.4755927653294026
5028.704,0.41373953538895797,0.4978254247227323,0.9208443851790913,-0.002406282323513912,0.0009565484552614415,0.8025792811917862,0.004942353764093176,0.003813645987461568,0.19035054375769245,-0.004697372862669796,0.006772274293414563,0.0010088013096073952,-0.0015583004464608202,-0.031348204069551744,0.7285996790296515,2.1960248063280394,-2.194027404075923,-0.03636535031562516
5028.736,0.413756756001158,0.49786662979320373,0.9270638506257258,-0.0024319914445270607,0.0010306209883983954,0.8026258463834625,-0.0005398564360859125,-9.507088074980009e-05,0.1987579414547983,-0.004898570579717006,0.0070445504233249134,0.0009011877650603424,-0.0015488025500507109,-0.03832204156462181,0.7281241615233991,-2.24991293808639,2.2469994112971348,0.0499213346834793
5028.768,0.4137622007296302,0.49786814319674955,0.9334913599589396,-0.0025078040233251,0.0014966321974405864,0.8026489769884266,-0.0016660085516663294,-0.0009009382743878267,0.19765722615187542,-0.004923778619552686,0.007080402721501299,0.00045759667936682804,-0.0016217377891215212,-0.044056664406615036,0.726670268633999,-2.4807317387942143,2.245845153709195,0.5446871066116664
MISSING
5028.84,0.41382524698675227,0.497917559026568,0.9469295788234753,-0.002480847783706224,0.0013014093687315138,0.8026328199973374,0.0006383297795458326,0.0007251460027469336,0.178514671342116,0.007715959448598379,-0.010542376986434369,0.00028140625720951854,-0.0019810663160515813,-0.056355878199492074,0.7205611973323446,-1.9513334526991712,1.9343183906239603,-0.08891224579054839
5028.871999999999,0.41376686521775524,0.49791078551985035,0.95262020428814,-0.0024177175650299493,0.0010916687412725543,0.8027147053236652,-0.0015006502285376069,-0.0008080794431828997,0.17673050794331388,0.00017137734515462456,-2.5757500235603602e-05,0.0002881630505860058,-0.0014942634252992086,-0.06385461215544717,0.7261354318236606,-2.2515954326053897,2.2447104121202104,0.09373987502568346
5028.896,0.4137883769173324,0.49789830581415945,0.9568063478865734,-0.0024903746766862605,0.001315919261713105,0.802665603539156,0.00019464530940732183,0.0003967441846821587,0.1716333351779288,-0.008131758955886663,0.011559346495199293,0.00030698487512812356,-0.0014740718372398846,-0.07080849032599996,0.7255348683809735,-2.251435581018269,2.243299304946778,0.10496058035688925
MISSING
MISSING
MISSING
5029.04,0.41365053756818,0.4977961332814961,0.979298903850896,-0.002411316027032874,0.0010882314418002431,0.8026439849258493,-0.0004438575432217379,-0.00013690803069901333,0.1434547686817559,-0.008238157658348509,0.011695598171492362,0.00034534194665271584,-0.0018538628733487763,-0.09313121499217329,0.7174992900212854,-1.912478930882288,1.9120511738622508,-0.03583951332990927
MISSING
MISSING
MISSING
MISSING
MISSING
MISSING
5029.272,0.4138659979301287,0.4979594065260475,1.006564039850788,-0.002518128037396421,0.0015519226933944426,0.8026521922524633,0.0011693315148744445,0.0004771639575559724,0.09324459964595679,0.004513482706270177,-0.006161327149845325,-0.00037262674735200123,-0.0016923830213546346,-0.12529932324431448,0.7145858002808281,-1.8785164540535346,1.892291039086383,0.011971718583678478
5029.304,0.4138548469906796,0.4979470312589353,1.0094718254381685,-0.0024343828648254484,0.0011896888127265683,0.8026617272418759,-0.005342712592368886,-0.0045698326723749,0.08974115328563191,0.009154005408311384,-0.012664983785891119,-0.0008547868172643184,-0.0012033645383122498,-0.13096445624285033,0.7195975091300026,-2.244279653788246,2.2237488381346164,0.18800333984918444
5029.335999999999,0.41384270244184074,0.49794413747665606,1.0121910376191692,-0.002440872979804114,0.0011732106796932412,0.8026837062997392,0.0006452793347173066,0.00019330516296332302,0.08298895921920064,-0.002758181825640583,0.003968970815783616,-0.0002205914797283881,-0.0011894749256270468,-0.13327645007116642,0.7193516515695008,-2.243877845278045,2.2228511185990953,0.1906172811073316
MISSING
5029.4,0.41401903515026844,0.49805559137380473,1.0170668509023362,-0.0026038504131540453,0.0020890289691414894,0.8026444647761549,-0.0034697525674327375,-0.0025303137525123968,0.07248344989142204,-0.00045504335478935537,0.0007284840602630548,0.00010102304398952735,-0.0011462276972403725,-0.14021288170933535,0.7186101982998151,-2.2426435881373528,2.2201365213784725,0.19816230951365146
MISSING
5029.472,0.4141568918106422,0.49813225595415045,1.021477735064477,-0.002605068921582208,0.0021701549251172208,0.8026403407346107,-0.0041702163389568565,-0.003059736959117386,0.05297108581299347,0.011167264381986198,-0.015515984421139523,-2.925884378110724e-05,-0.0009250198665406154,-0.13925794392676755,0.6879560773150012,-1.8194680071459408,1.796975817004919,-0.1991790695208222
5029.504,0.41396927102866626,0.4980114281763367,1.0231365258306533,-0.002466130450254193,0.001499477154015028,0.8026745521498523,-0.003088328536732071,-0.0022943019066641976,0.048080703664493844,0.008600545393680901,-0.011937592918206695,-6.513267268977965e-05,-0.0017133354614344972,-0.14700970434059518,0.7114389557280263,2.023367262045659,-2.0851585327288467,-0.36273802709616426
5029.544,0.41388543952200946,0.4979268101209789,1.0249457643037592,-0.0023830601311839814,0.0011355647449901585,0.8026247809994013,-0.0021494523790076088,-0.0015958912669665796,0.04129802590687271,0.0021853848999180874,-0.0029941795759329754,-5.519522186407309e-06,-0.0015477654780734426,-0.14832249244151388,0.7125329316204171,-1.854432498819302,1.8779481053488765,0.04763254862626529
5029.568,0.4138093492342361,0.4978989594891045,1.025867130569275,-0.0023376998331912954,0.0010482850956662518,0.8026600183343766,0.0025271771526680685,0.0017568664386536277,0.034466233784122946,-0.003008673946464532,0.004260844185567511,1.606134156533353e-05,-0.0015319382086703586,-0.1506289575418424,0.7123343173765405,-1.852036739830843,1.8764994582042391,0.051292314467229184
5029.599999999999,0.41394007825501816,0.4979359603103851,1.026893838630676,-0.002382946779581391,0.0013700654712310554,0.802611179472226,0.001270950337013369,0.0008594392756634078,0.02963274596786538,-0.004153468390243932,0.005846637806529606,3.793284395758096e-05,-0.0015158601510668172,-0.15293638598766013,0.712137408303574,-1.8496436441356707,1.8750477130880228,0.05497139869735231
MISSING
5029.672,0.41403952692171997,0.4980587564462354,1.02850346747818,-0.002533571384306223,0.0019357155764744582,0.8026822052732743,-0.000537003201280374,-0.0006935609052456333,0.015302596580058163,-0.0012820841060625018,0.0018102689141586208,-0.00025302338457410694,-0.0014995306253931479,-0.1552448341468796,0.7119423305680029,-1.847253306425587,1.873592733423744,0.0586704073444107
MISSING
5029.736,0.41400620706090996,0.4980002564422523,1.0290417521859099,-0.0025510246375420936,0.001959437870790454,0.8026100618690903,-0.0011153424259775064,-0.000989197659545678,0.003247479156612824,0.0005177245635021353,-0.0007215153970855806,-6.342352656900194e-05,-0.0010192057804839377,-0.15871713914840832,0.7166148104456583,-2.239214739514649,2.212858556174512,0.21599091399021048
5029.776,0.4140043511478875,0.4980121167806656,1.0290193102641123,-0.0025895525085813096,0.0019634148444111215,0.8026579243659113,0.00022427696693897475,2.1744461666972582e-05,-0.00037210669251909006,-0.000792966566656714,0.0011071144684642173,1.350903943571907e-05,-0.0010192057804839377,-0.15871713914840832,0.7166148104456583,-2.239214739514649,2.212858556174512,0.21599091399021048
5029.808,0.4140014528650077,0.49802054501225623,1.0290030676282171,-0.002604194463800002,0.0019726975854516683,0.8026819182523338,9.926737063839309e-05,-1.7944894224526772e-05,-0.00015646735706384345,-0.0002754275917285623,0.0003849936790811097,7.699139473572071e-05,-0.001631837808469461,-0.1585415055591939,0.710503222752964,2.031129521473339,-2.08776067549356,-0.3757471600207547
