4783.472,0.6469892252242417,0.5466109311709677,1.0655182976871573,0.006378426635934028,0.8058833193597613,1.1902551527444165,-0.030992721573425808,-0.005411438296355828,-0.005365198021930626,0.02317014916174572,-0.07622848079366754,-0.04332475073468932,-0.08909624121654829,-0.04932127709756991,0.44010146036093667,0.9427526378297054,2.4836241403953188,-0.2656491693271802
4783.504,0.6460438113808782,0.5464775033071795,1.0652427089236465,0.006053485657379732,0.8032792498610568,1.188966698515433,-0.031411609661473584,-0.0034274558529928546,-0.010342729355308023,0.021630134068657547,-0.08006775632629669,-0.04852149096018049,-0.08909624121654829,-0.04932127709756991,0.44010146036093667,0.9427526378297054,2.4836241403953188,-0.2656491693271802
4783.527999999999,0.6451857469004348,0.5463210853307263,1.06502200442668,0.0057887238449394664,0.8008498948671505,1.1878150986243492,-0.03806831620279775,-0.0064252466207013305,-0.009560261164800828,0.030020269643401733,-0.09315976099861664,-0.05088195693787889,-0.08831528390782144,-0.04941616098054401,0.4409555387858547,0.9417903850875796,2.509432309045323,-0.2753051138678502
4783.552,0.6440909956588196,0.5461433361865471,1.0648520346614267,0.005471615623535469,0.798046100092589,1.1868070545523248,-0.04206457411210663,-0.0057695375408800655,-0.011525395365327335,0.03392389309599711,-0.10229665567796994,-0.056158039149604315,-0.08831528390782144,-0.04941616098054401,0.4409555387858547,0.9417903850875796,2.509432309045323,-0.2753051138678502
4783.576,0.6430530448304947,0.5459642903438775,1.0645594931285713,0.005248982029431968,0.7951468225039621,1.1854766587435615,-0.0432046878627905,-0.003325487453125718,-0.015035284200467444,0.03152732109741477,-0.10791558528452498,-0.06320890086578888,-0.08831528390782144,-0.04941616098054401,0.4409555387858547,0.9417903850875796,2.509432309045323,-0.2753051138678502
4783.599999999999,0.6417185042549546,0.5458196323922534,1.0643158310900742,0.004743647589127031,0.7917251459101514,1.1842167436244726,-0.051806982368048045,-0.004931060025068001,-0.014667892528751001,0.03561173372129255,-0.12733908999359086,-0.06969171238400818,-0.0881010180727809,-0.048977373659843414,0.44032105520341946,0.9310330548553276,2.497089961063455,-0.26711272199424274
4783.639999999999,0.6394367501818837,0.5456057335917797,1.0637157188630852,0.003843071116749317,0.7856234774765797,1.181126232477256,-0.06055575512863489,-0.0072318650347544715,-0.015539266146683241,0.03643288300760799,-0.15119409293336694,-0.09194672859305347,-0.08730922400716466,-0.04906589743202193,0.4411231326630199,0.9300102169168685,2.5231976651469243,-0.27683192803330037
4783.672,0.6374397435562934,0.5453289932236326,1.063156522101959,0.0031580557443788835,0.7800683295997937,1.1781148535877461,-0.06441641285439463,-0.007355361674682721,-0.01834266684714603,0.04330762920232019,-0.16104592526756992,-0.10142058062304392,-0.08638858170461153,-0.04842389009773355,0.43901776298358614,0.9300937453398577,2.5003190930804067,-0.24718989690342444
4783.704,0.6352788165267577,0.5450469800784428,1.062543362430915,0.002690793709959137,0.7740986373278188,1.175336091997391,-0.07290849621451195,-0.010877874937519308,-0.01753775277657593,0.0609040061375257,-0.17454032926333857,-0.10121037957305179,-0.0858008153797571,-0.048276277414862914,0.43679431910640154,0.929115067353912,2.5417241801780817,-0.28624725845508986
4783.736,0.6329348967595907,0.5447650990371375,1.0618648946079223,0.00210215832639401,0.7676731423879558,1.1724312508823957,-0.0773465523297104,-0.011457486153670203,-0.01963232013131371,0.05474128043540725,-0.1903643982775694,-0.1234916715772813,-0.08539440031193601,-0.04807762095324714,0.4392151177176916,0.9185553999076225,2.5143956831703784,-0.24862039657157073
4783.768,0.6305441871271814,0.5444543225198077,1.0610631222838074,0.0015329620115344723,0.7608249977577108,1.1685487623601984,-0.08683637737420577,-0.012334480425351992,-0.020260350019811166,0.055752793647117,-0.21650704527891726,-0.13405574601083414,-0.08394078120271378,-0.047313387249221676,0.4350844667103728,0.9177780268699673,2.5333830706472273,-0.2567525517388906
4783.8,0.6277781566940234,0.5441100550446691,1.0603440280168985,0.000568677250266015,0.7534332868275685,1.1648048720496307,-0.089048902716387,-0.01067829167038284,-0.023237005962925213,0.060402412988942396,-0.21913514345519647,-0.12066368308083031,-0.08392687733169635,-0.04722093473175835,0.43873213612880957,0.9026785421377308,2.5449870896819657,-0.2248272648192022
4783.84,0.6238438065384748,0.5435279483095968,1.05952134076736,-0.0008465826158733987,0.7430290446771757,1.1599447492690789,-0.10322766800914748,-0.015720305310376013,-0.02205287193684223,0.06562898776674383,-0.2561004435383033,-0.14793588161946555,-0.08243826287249596,-0.04672539621992204,0.43557379866921375,0.8977310685183146,2.5658161780647997,-0.2951104646052736
4783.871999999999,0.6205627985361702,0.5430730984743611,1.0587147700675785,-0.002079551875171391,0.7342335529797362,1.1554353501700132,-0.10422031923626934,-0.012731256126896155,-0.026267383081096142,0.06958925936782467,-0.2539459709950536,-0.14450764994240503,-0.08096616483940072,-0.04720747191612916,0.4374931745627211,0.8853729246996692,2.5590191431805467,-0.2764935228514523
4783.9039999999995,0.6170181348937999,0.5425593563939022,1.0579297006284174,-0.0029715374928682547,0.7248900715692448,1.1512060841026923,-0.1079840425776163,-0.012069569204367163,-0.02931481366946639,0.07543331464470912,-0.2659564079070861,-0.162736566602855,-0.08099237757517253,-0.04607338353472155,0.4377518607950488,0.885825533233943,2.567915061754664,-0.24250657835021497
4783.936,0.6134179548828077,0.542135996714564,1.0569683663897869,-0.004161880688749544,0.7151249753302009,1.1461529685249294,-0.11864796887092631,-0.015908881079087757,-0.028771909616396495,0.0824582305066002,-0.2933587359284866,-0.17841264379487703,-0.079691612873473,-0.04631237517572765,0.43636141176083443,0.8732816780712626,2.5746503011803012,-0.2556783467912515
4783.968,0.6095645870459605,0.5416311928469331,1.0559360087921346,-0.00532724094883171,0.7045815597389685,1.1413450780758674,-0.1213602070192714,-0.01579056279679681,-0.032887569541914734,0.09102197966059287,-0.3049283550296105,-0.1735803339725976,-0.07794507574137219,-0.04487347969723949,0.43271424829407945,0.8748189670433002,2.5761071115261376,-0.24491384679027808
4784.008,0.60447421049698,0.5409463471823429,1.0546329124826912,-0.007129011963428596,0.6905649266285364,1.1343971444100236,-0.13527553088625785,-0.020717565182295675,-0.03176802455741459,0.10034538991322561,-0.3378806699511495,-0.18451211554022143,-0.07786741926045364,-0.044738986108015605,0.43622853192850986,0.8595855410533412,2.5887743477442076,-0.20990856421844903
4784.032,0.6011687129837932,0.5404698149540396,1.053848566441237,-0.008097042098074674,0.6816412939765775,1.1304280762994203,-0.13422822192632247,-0.01821518354917138,-0.034107457198645316,0.09358670883772988,-0.3364905803977535,-0.1972281850461375,-0.07610138350813161,-0.04430292189619871,0.4342307711289344,0.8316453630516509,2.5868293913546205,-0.2517778697530486
4784.072,0.5953956853599067,0.5395930365129242,1.0525807142252768,-0.009920508234250261,0.666348976549379,1.1228147676458007,-0.14687053835308536,-0.022165570003169918,-0.03247730911044152,0.10935041193151608,-0.3474777681529541,-0.20336018475139872,-0.07516245735658518,-0.04337733102466445,0.43179491126720004,0.8429125920071141,2.6265690706293503,-0.2613139422552694
4784.103999999999,0.5907037024737701,0.5389923317160945,1.0514603384995413,-0.011153721969992024,0.6540785707013514,1.116379838726599,-0.1488912548414087,-0.020773476153485487,-0.036529853672632506,0.09958713267101542,-0.36562448471039904,-0.23108521583978883,-0.07412808032044967,-0.042997267267871835,0.43158555052538194,0.8315937582339331,2.6426810657901036,-0.2631855572791653
4784.1359999999995,0.5857221224088333,0.5382343565620521,1.0502834906964371,-0.012408094365690287,0.6406715022352907,1.1099301303189215,-0.15406144688074486,-0.019787880508411303,-0.04064240608403372,0.11123964967782322,-0.38512590613708697,-0.21970518873887085,-0.07330180209846271,-0.042487899433493355,0.43186658409198936,0.8044006141714555,2.634104721002598,-0.2040328584269005
4784.168,0.5807865605702108,0.5375315876078246,1.0488929447142379,-0.014199624903097962,0.6268463720470522,1.1028676554611672,-0.1629924601377983,-0.0235416266981525,-0.039679059134493815,0.11520730437459809,-0.40740013421326543,-0.2269429745864255,-0.07198180814475727,-0.04186423968337091,0.43159380241868417,0.7878193030437138,2.654312667033077,-0.2450740365590388
4784.208,0.5741404370141763,0.5365466727120678,1.047271275707229,-0.016327293140087108,0.6090676511422944,1.0936273957097662,-0.1682026806662696,-0.021268021458093048,-0.04257376430591842,0.11237859981600935,-0.40986800401919016,-0.2452472988873296,-0.07014429724566756,-0.040894588755153415,0.42967411533984645,0.7773819600731771,2.6433295615558055,-0.21132186237077707
4784.232,0.5700568749470764,0.5359737684402569,1.0462459115449267,-0.017528337287170348,0.5981115098587866,1.088136201219428,-0.18078433064747354,-0.026794219056425463,-0.04041333267203248,0.12846786992877174,-0.44090738711579613,-0.25569113815444905,-0.07028252360532901,-0.04051502438898074,0.429843867345056,0.762575459856134,2.675722343931352,-0.20511979167975142
4784.272,0.5628080546920915,0.5348726394912163,1.0445344801733745,-0.01968614523382048,0.578545367125965,1.0783778716870802,-0.17909550278823164,-0.022215739760108235,-0.04785987257218931,0.13085835179777128,-0.44582355903775867,-0.2626653972798715,-0.06924697318516132,-0.04012106480172603,0.4294578819671042,0.7518471758046541,2.6949385666436783,-0.20736408034215492
4784.304,0.5569903078952313,0.5341321989904978,1.04303357209228,-0.02147950580990795,0.5631328541124881,1.07013286080003,-0.18732347612073075,-0.02456559855219506,-0.046759646335304744,0.13220170634483497,-0.45454630819074016,-0.26179678401723894,-0.0672991156531713,-0.0393433180263109,0.4279573796571142,0.7456443479263849,2.696926487192525,-0.22564469678680638
4784.335999999999,0.550878911732349,0.5332795312732753,1.0415059846068206,-0.02339827572961733,0.5467076482259404,1.0617053223013837,-0.19528664994648606,-0.025464802735768777,-0.04962973004118006,0.14181151611786272,-0.48716159543419835,-0.26957767770179103,-0.06626758237219098,-0.03916591348212888,0.42539136917807163,0.7224089075758763,2.716529815121725,-0.24629881529884182
4784.3679999999995,0.5446743314922694,0.5325331935488659,1.039934270033085,-0.025436054889940406,0.530267117131344,1.053354194693901,-0.19483036004037557,-0.026423934602565306,-0.045262411437292475,0.1259392264882511,-0.4710399720478044,-0.2819182185899868,-0.06608382832032468,-0.03892846514715858,0.4284480436499358,0.7072445644133878,2.7362629670925642,-0.20606127243852415
4784.407999999999,0.5369919668038644,0.5315004891964857,1.0380373225398645,-0.027654148087092257,0.5099392612118347,1.042722887255179,-0.19399897394771304,-0.02876578445330982,-0.048624243649256445,0.1422536572346938,-0.4879961846252306,-0.2827993868769336,-0.0644367491846138,-0.0377491166724404,0.4262104388054215,0.6901877095404995,2.7539277218088065,-0.22734093689851878
4784.44,0.5307597555009629,0.5305520219562277,1.0365427289223512,-0.029442357609432777,0.49331880823267465,1.033973166793764,-0.19475690196815773,-0.02909051265104097,-0.04532362200300068,0.13107154502763807,-0.4725262911817096,-0.29271581267061003,-0.06434731331429058,-0.03689009035940616,0.42529095190712635,0.6657511610466263,2.779357090743246,-0.2047631950817691
4784.472,0.5246722491822013,0.5297233053982002,1.0350153874328947,-0.031148372715729577,0.47713298589834763,1.0254821297403593,-0.19804492194183534,-0.030295191856041,-0.04770227961563251,0.14203801891757356,-0.49276939447870394,-0.2895189536663133,-0.06363219272667532,-0.03680621518045978,0.42601951169491054,0.6390383029181845,2.7695085046153602,-0.16288720117659744
4784.504,0.5185220165564233,0.5287676661214125,1.03345301984676,-0.032800563939655365,0.46048421468166745,1.0167349988080345,-0.19430096942294095,-0.02827942771407659,-0.046986527364436356,0.13286378145557823,-0.4798670847236493,-0.2884848297587647,-0.06276845173411875,-0.035708254496202865,0.4271009839961312,0.6158803211313365,2.78377945535567,-0.12723945737262443
4784.536,0.5123786316798209,0.5278454006060856,1.0319535949224783,-0.0345022813557264,0.44418851674317156,1.008126595239594,-0.19600568142637603,-0.027014150384757157,-0.047685129636357314,0.13855335038474434,-0.4846312996780894,-0.2773124451513521,-0.06121118982884163,-0.035788759318910394,0.4215271990159251,0.6065124818805511,2.770185632928097,-0.17581058941073194
4784.568,0.5061694248604336,0.5269954582034188,1.0304076689025088,-0.03629948823509708,0.4276829009388285,0.9993762145148428,-0.19020116045552646,-0.022021403389944808,-0.04943834890235064,0.12958901315312538,-0.4670905911609357,-0.2675436660181378,-0.061406792559407695,-0.03547379724985748,0.4235301938084495,0.5898665321238022,2.8260852976401996,-0.15309067516430236
4784.608,0.4984454560066758,0.525993946186866,1.0284941517009416,-0.03876018296235097,0.4074402765761056,0.9884541582431963,-0.19544794309220118,-0.025835379624778543,-0.04884635297258827,0.13997671178528595,-0.48901112286057397,-0.2746509477887871,-0.06132979480762384,-0.03588412423200864,0.42450560274045196,0.5619167982577156,2.855030995661129,-0.15906565828973174
4784.632,0.49379860590857744,0.5253913220880074,1.0273311040613364,-0.04008201587832821,0.39513511540879614,0.9818462411650335,-0.19474762421772268,-0.027075627038271054,-0.0465678149536575,0.1343908095721804,-0.4771055801866074,-0.272314536109282,-0.06049448551779632,-0.035148871024324665,0.4236295388439428,0.5398213081477368,2.853818841933739,-0.1652530298495119
4784.672,0.48596878330238535,0.524337835320981,1.0254522610016106,-0.04256623239093239,0.37467537809202867,0.970705796919625,-0.19173803869814615,-0.027307789825132964,-0.04935841804819733,0.13869845542873663,-0.4828241267931987,-0.27156171263629864,-0.06040917474417164,-0.03507775779060424,0.4231496001163336,0.5172782670056362,2.8591997716677904,-0.1593770386296815
4784.704,0.4797812015556432,0.5234261922435842,1.0238947596155301,-0.044241449320575436,0.3582475663838218,0.9618983377598918,-0.1872556262800093,-0.025431793241086343,-0.047449374724204095,0.13032877816622454,-0.456137477085144,-0.27638525219191057,-0.059721716873009874,-0.03535978892176655,0.4236078753147257,0.49926014384732476,2.854072852458842,-0.1342231963614859
4784.744,0.47219941000778093,0.5224066242632656,1.0219782056469258,-0.046458643781643334,0.3381278668536128,0.9507030542376024,-0.19298021944934776,-0.02691021255884173,-0.049206520923532816,0.14437428807633468,-0.48055396258961497,-0.2696552849303077,-0.059953393157894504,-0.03536189788700711,0.4231500679225913,0.48348359921291667,2.908524219985772,-0.1555031670634717
4784.776,0.4660670231702237,0.5215796959315946,1.0204095839193537,-0.048220521513372014,0.3221110706104005,0.9418818676623804,-0.18438745009056146,-0.020156674259669716,-0.04950663416256849,0.12194743016164958,-0.4587088324609863,-0.2722601121092143,-0.059456423740772084,-0.035505693290267246,0.4194388598535229,0.46692991097890435,2.914454543062056,-0.18486172316411784
4784.8,0.4614508449738549,0.5209403084918236,1.019269451695281,-0.049487972561346266,0.30994648562133614,0.9351079181231811,-0.19087143974760465,-0.02597491581987416,-0.04955587602274081,0.13537827044156686,-0.4860337667715988,-0.29427657377801336,-0.05949426014757309,-0.03532984182184828,0.4232554194706624,0.43267983167787194,2.908088550597244,-0.055030800395477086
4784.84,0.45389311008281463,0.5199059835585998,1.0174029431359013,-0.05167922794261671,0.29021468954561935,0.9238871643046527,-0.1839852803815965,-0.02283849603724076,-0.04631578262141219,0.12221886714541248,-0.453050498505858,-0.2776900858358008,-0.05894827751010656,-0.035637451183005125,0.4243963878572844,0.40537744615146976,2.9115244323645033,-0.023234385958003503
4784.871999999999,0.44801866386927724,0.5191426434580279,1.015898541834962,-0.05328592335674768,0.2747475205440391,0.915268573621677,-0.17823201679119724,-0.02396527946791719,-0.046111443712271306,0.12362536943778958,-0.45116932892284856,-0.2757756307298408,-0.05961845923089817,-0.03619497166599374,0.42433384673639396,0.4031811877798154,2.9638523032748094,-0.09031117803731416
4784.9039999999995,0.44232423665982634,0.5183993638761442,1.0144949973202722,-0.055013242156303176,0.26009104794697285,0.9070146266640596,-0.1672198533000966,-0.02014871343997262,-0.04266598775983165,0.10707360034744637,-0.41776335365694495,-0.25804008612633256,-0.05886741127609283,-0.03722795403368711,0.42223353809531566,0.3730407396934662,2.943763322382581,-0.13816168701607034
4784.936,0.43695215626195605,0.5176895399915817,1.0131524336959166,-0.056582442716234395,0.24590995629829976,0.8990759505380475,-0.16990165537481097,-0.02612814913145036,-0.04218172092188365,0.12786778440262045,-0.4294047031879027,-0.23236274821510478,-0.05935660971116427,-0.037119139442321376,0.4250799464968159,0.3588926479703171,2.9692243229348767,-0.04865722229149662
4784.968,0.43187706456881203,0.517095612531696,1.0117761886978318,-0.05820990493843609,0.23261382083511425,0.8912502561400352,-0.15864384074843987,-0.02061399935757995,-0.038764797171870306,0.10253822894957987,-0.38455623242495574,-0.22395286548405624,-0.0590227121157731,-0.03793346402768549,0.4235398848752121,0.33900970037321987,3.0036246823073864,-0.12534901651758215
4785.0,0.426815683504123,0.5163540466755109,1.0105617307822978,-0.05960958535488791,0.21947261827309422,0.88387046978323,-0.15773879635451296,-0.023713398274816413,-0.03842307208339415,0.11466805537405515,-0.3938005261245722,-0.23199470166688257,-0.059882530713259975,-0.03819407939777982,0.42477156146745887,0.3098478626622394,3.0127009559759945,-0.07518059133467103
4785.04,0.42074443384554505,0.5153835218827901,1.009119215705445,-0.061045731588001854,0.20348361154200723,0.8747798084353207,-0.14654205603556944,-0.02173987161715279,-0.035102911709241826,0.1007005465506574,-0.35885334947307046,-0.2288474206942981,-0.05886403510502298,-0.03918855158675372,0.42484717955357204,0.28153980108838045,2.957544654191468,-0.058474429176511813
4785.072,0.4161941075312098,0.5147513376779361,1.0079655867400865,-0.062192657703687,0.191701532162237,0.8678910071889542,-0.13859706272446018,-0.01675354570212406,-0.03651908634240127,0.097578683747292,-0.34733956823353124,-0.19629558468527725,-0.05940741931096996,-0.04030078741941359,0.4226671169283851,0.2884964622968756,3.0371865061524956,-0.14368412229864075
4785.103999999999,0.41178985111186106,0.5141553472028062,1.0068522595785205,-0.06339946852508582,0.18010350421724725,0.8611869128370816,-0.13502954692657015,-0.017500348465295038,-0.035668936366027984,0.09594600750659502,-0.338238438589994,-0.18768262209133746,-0.06016445656414991,-0.041106922367995964,0.4268107570067028,0.2691872311307276,3.0151459159354435,-0.06840451122320207
4785.1359999999995,0.4076426338955331,0.5136528813785333,1.005799921034194,-0.06465426369892731,0.16952019866860335,0.8549313820508637,-0.126477198583482,-0.015732277856339995,-0.031177661129645304,0.08057341003195986,-0.3099252183444878,-0.19188701974211467,-0.05932294544639903,-0.04206091468004522,0.4242177420986303,0.23983616302442862,2.9924794450689816,-0.1124823272040764
4785.168,0.4036026344386797,0.513105191957646,1.004795768428688,-0.06589794409336727,0.15912184579764294,0.8487869936742897,-0.12360946028249695,-0.017250305655811433,-0.031436448955573244,0.0876138600844946,-0.3108593118856785,-0.16813034806609076,-0.06016386072411017,-0.04292672825622908,0.42666981557279277,0.22275388811831887,3.0263173239156784,-0.005980548816587639
4785.208,0.3987003563714275,0.5123868286816824,1.0036330118717234,-0.06729370606834455,0.1463220149708514,0.8417538619711129,-0.11208044330386883,-0.01324529438488419,-0.028914396910324366,0.07777735469754303,-0.28073379609180976,-0.16781059332385254,-0.05998757000771826,-0.0432927142043387,0.423871271810138,0.2117104655458807,3.0601090869905523,-0.08875975122054416
4785.24,0.39521943116563907,0.5119949298477596,1.0027519723063556,-0.06839587029357952,0.13747621148823855,0.8366947723588106,-0.10728836028867392,-0.01500499971963056,-0.02633883930382973,0.07518332518565837,-0.2612247224802378,-0.15910553272159875,-0.06035995893130544,-0.044439702158826054,0.4281875564922065,0.18137714024626,3.0252343262742505,-0.0008320539406968487
4785.272,0.3919285243917377,0.5115576015366529,1.0018988474320005,-0.06918074325107351,0.12892529584225002,0.8313250244127351,-0.10398188278769471,-0.017321338260727827,-0.02610539326039313,0.08076399926879008,-0.2587395193339469,-0.15244235661626745,-0.06067757846633917,-0.04553000480469596,0.42501799953086766,0.18700828313312615,3.092124489464213,-0.10814756219306214
4785.304,0.38866866035510106,0.5110284030882941,1.0011493995576763,-0.06982904622516815,0.12035405235312187,0.826733042789281,-0.09934854353546624,-0.016834847822491165,-0.02296088345571933,0.07794208319790817,-0.2498868441874095,-0.13742474820896108,-0.06148666047423483,-0.04633887028486299,0.4289563452483038,0.16670906685452155,3.080012882375536,-0.025629808471051473
4785.335999999999,0.38567711184772213,0.5105647587855892,1.000432470855952,-0.07061891679436193,0.11259117764243506,0.8221553847947591,-0.0904937209247255,-0.013599535346920977,-0.02166370902325988,0.059644336346639244,-0.22407834272033195,-0.13973097110922555,-0.060906185201578984,-0.04743550904012169,0.42585921333975424,0.1585762807923825,3.051147645736536,-0.12904435855808255
4785.3679999999995,0.3829580112942102,0.5101458642776338,0.9997655187928095,-0.07146885516274833,0.10565684022304858,0.8179518458162559,-0.07976571882470593,-0.016028117037429398,-0.020770295887274536,0.05776022326351282,-0.20483832497439688,-0.1257216370346055,-0.06158998331719773,-0.04845120464758595,0.4280858976209592,0.13576978598344427,3.118842665444235,-0.061315573034480673
4785.4,0.3803606067975491,0.5097804334778526,0.9991199028562575,-0.07221760081991863,0.0990491073756531,0.8140136821313851,-0.07626218978120573,-0.009846906940932492,-0.02002852117922764,0.053839836579423456,-0.19809312277315455,-0.12036287743173588,-0.061621061463473584,-0.04920978139665548,0.4298928265052693,0.12415861392309926,3.0812076317126635,-0.02038954558291836
4785.44,0.3774224792589345,0.5093733114000689,0.9983652573504359,-0.07308137429269086,0.09113796944694295,0.8093128764703571,-0.07264410663568661,-0.0108062942908528,-0.0181135764998046,0.05534028188718973,-0.1834528238381837,-0.09559237383801958,-0.06152276307221853,-0.05055055214841622,0.4316578313827738,0.12407823053347584,3.018775976889985,-0.0426134968012243
4785.472,0.3757867421699386,0.5091275523803719,0.99794596414308,-0.07340705925808773,0.0868082428259253,0.8069320947359843,-0.06294922979158167,-0.007819452554556782,-0.017287956117536793,0.04668507578176384,-0.16012510816837264,-0.08780942080465604,-0.06224569513806875,-0.05145443318881141,0.4303256417141142,0.09783666099183651,3.118056973957788,-0.04966505249716706
4785.504,0.3734016824578114,0.5088450046568103,0.997297949873748,-0.0741006407197871,0.08062178371463843,0.8031650855345582,-0.058991550539834535,-0.007836368839768874,-0.014313939645134109,0.04120238851778551,-0.13880513655871396,-0.09006175001045484,-0.06173082349822105,-0.0513584956129687,0.43204920256301627,0.09273042346846479,3.1078890928885046,0.0324115343667311
4785.536,0.3716683314390146,0.5085726487969934,0.9969131042172096,-0.07456048319633281,0.07640167618926587,0.8003174682495026,-0.04821933219959765,-0.004875314165597957,-0.012072582128102173,0.028005658690936748,-0.11673360428220612,-0.07976096895895421,-0.06170925685124551,-0.05205539607166886,0.43050033287549727,0.08140869470128946,3.0818904370057933,-0.014976595424495644
4785.576,0.3698529681196268,0.5083561590430309,0.9964827172221483,-0.07506153356575697,0.07191546683042468,0.7975600641437208,-0.043604812074603,-0.005590288481228114,-0.010766322752549667,0.02956679267311238,-0.10637472164206518,-0.05647223401693257,-0.06187534504065903,-0.05322143532630937,0.430215908798031,0.08767864250516286,3.1160201213904575,-0.057138286717892
4785.608,0.36853962028832327,0.5082201374604465,0.996103869939607,-0.0753723826158273,0.0685209805815091,0.795586950498506,-0.04534813861072218,-0.00668026812089402,-0.010916723478132013,0.032152855070377025,-0.1100428415420622,-0.05788573429668075,-0.06158104657461359,-0.05356143240437166,0.43049903962480207,0.07593144642971017,3.1190290548128448,-0.046005423903482924
4785.639999999999,0.3671134995321814,0.5079845743693411,0.9958030399228754,-0.07574500235374806,0.06497700613904353,0.7931912212852111,-0.044437538929363724,-0.0054231508451560275,-0.009141616017530753,0.025838498910244607,-0.10097763879468596,-0.07307682834504296,-0.061559317182449606,-0.05496020144530329,0.4330030938094698,0.07630091255083148,3.0522593739387527,-0.05451549301806716
4785.672,0.3656114505817615,0.5078121568556876,0.9955507170385041,-0.07601099722450286,0.061729323823245925,0.7908130094034671,-0.046029507175022424,-0.004028755711912172,-0.007652779880869407,0.023371168344178395,-0.09457250991105638,-0.06981816292271875,-0.061794644301413806,-0.05419672703299958,0.43240457079015976,0.049183306125606556,3.1096895620255744,0.037087519153878146
4785.704,0.3641949051498033,0.5076972642893474,0.9952935311380446,-0.07647701781720427,0.05890029937918353,0.7885849616179647,-0.04579798863395453,-0.0037373304065039495,-0.0072860502507043875,0.019956984204294606,-0.08429186555779396,-0.057109871459401974,-0.062027978497994185,-0.05472548922542419,0.4339496433896879,0.043438272664016626,3.1117562602258064,0.041599955090952795
4785.744,0.3623793078953505,0.5076221108572271,0.9950441578551449,-0.0769946096065892,0.055749278581692666,0.7861954128950034,-0.04439909918001989,-0.001012383422253389,-0.0058064293219475364,0.013091608560131765,-0.07154547425851454,-0.05950819458195202,-0.06251251641439633,-0.055552171004292196,0.4335465650966576,0.06072883668428,3.1448683365152457,-0.006257719027760931
4785.776,0.3609593467407157,0.5076038577435441,0.9948827102639439,-0.0774491057237294,0.05361995068447888,0.7839441788903412,-0.04169099671216294,0.001013625676004421,-0.0046252589879374,0.006136068261413059,-0.0638041224438233,-0.0753336783963629,-0.06183523508606713,-0.05627533618792477,0.4337068901934943,0.038656778731682016,3.144969929503971,-0.005649577708078938
4785.808,0.35969883194429864,0.5076536226137235,0.9947573681661167,-0.07803718305276157,0.051988513261734606,0.7812923266323094,-0.04141545054714895,0.0009868012784204766,-0.004825131996803671,0.0047717628976972635,-0.05890233279165682,-0.08276961613922248,-0.06183523508606713,-0.05627533618792477,0.4337068901934943,0.038656778731682016,3.144969929503971,-0.005649577708078938
4785.831999999999,0.358678574507212,0.5077048982727594,0.9946499555845492,-0.07848213030349496,0.05077121020043865,0.779420427179834,-0.04186250227482953,0.0019241805444621882,-0.0021806543990215642,-0.004716887942748251,-0.04086827883654943,-0.07210669807673745,-0.06165097636673379,-0.05698751564020313,0.4316876221830636,0.04223157001360373,3.1002392943423924,-0.07903213515680588
4785.871999999999,0.3568698429739816,0.5077016830632168,0.9946068354558601,-0.07908958143140983,0.049114458804086665,0.7767188823970365,-0.04461040974624471,0.00034538753053281446,-0.00030814960630259436,-0.0037664470264418383,-0.04291143298659813,-0.06933752411989769,-0.061700876774834795,-0.057168867582404005,0.4353062711449715,0.04386829156734785,3.081195945275333,6.15571281658635e-05
4785.9039999999995,0.35538486620123233,0.5077309137116676,0.9946149058322521,-0.07960628088812591,0.047962424656081915,0.7743799310614099,-0.04257482957027142,0.002985255639227268,8.116503999181903e-05,-0.005933528072185621,-0.03424090780973205,-0.08186760034567811,-0.061665778676628466,-0.056482053281525786,0.43375820382854086,0.03279780181773667,3.1140571774135735,0.03708003350662517
4785.936,0.3540370248444462,0.50783191822261,0.9946321292741465,-0.08016798834343261,0.04719100667117723,0.7716509805841034,-0.04199679818429756,0.0022385145107036417,0.001011878225748089,-0.007475556665308907,-0.0271729140812649,-0.09033416966622962,-0.06166731167697683,-0.05647670850327148,0.43603669761025127,0.03211265126774686,3.118194858375567,0.1188640070272755
4785.968,0.3525694161168111,0.5079131754114912,0.9947232288726187,-0.08062065998087828,0.046640639435086194,0.7690778311805164,-0.045949980566688614,0.003374657122561879,0.0024670200307032554,-0.010803222641061662,-0.023812233506960243,-0.0705496793353354,-0.06179485296173739,-0.05694620656741439,0.4322816910933247,0.027929601886836974,3.1119954440111695,-0.04580883706376208
4786.008,0.35076880190809706,0.5080604062124585,0.9948432581761899,-0.08120699949944618,0.04629485897068838,0.7660790395579645,-0.042871682030968576,0.005866211472193521,0.0037733209777296656,-0.013757019947034816,-0.0038472324147673055,-0.07507138477259005,-0.061893279855126465,-0.057023584716839326,0.43530846247117305,0.027095739772390746,3.115175166483018,0.04070723993721816
4786.04,0.3494624405671244,0.5083213956506565,0.9949416160721589,-0.08168951531246046,0.04658001613776089,0.7634087712828576,-0.04332410498031296,0.007397221059460116,0.003987913896571741,-0.01865798580435676,-0.006529245923930688,-0.0963088063745179,-0.06114528495694203,-0.05698791290088569,0.4337809299684686,0.01656869518216124,3.144911834494628,-0.004991354080203615
4786.072,0.3479697466303953,0.5085493885355025,0.9950614872911027,-0.08232899856873617,0.04661331659569787,0.7601286800616603,-0.05171277358399814,0.006999553802697999,0.002395664570432886,-0.017380254744746634,-0.01816276553858404,-0.09769858614635439,-0.06114528495694203,-0.05698791290088569,0.4337809299684686,0.01656869518216124,3.144911834494628,-0.004991354080203615
4786.103999999999,0.34611733119347227,0.5087850482746503,0.9951260560237782,-0.08300874309843913,0.046262570642537595,0.7570728296458041,-0.061966105650311305,0.004984037663568695,0.0034353111253555076,-0.014807393396247183,-0.025034931542591166,-0.10263115598944762,-0.06114528495694203,-0.05698791290088569,0.4337809299684686,0.01656869518216124,3.144911834494628,-0.004991354080203615
4786.144,0.34353315957978914,0.5089887843168116,0.9953253429312714,-0.08382988946987688,0.045823337648603954,0.7521002269818994,-0.0670247961587592,0.008151510327623865,0.004357545380113933,-0.022896542950383653,-0.021060234879547883,-0.13428027989621075,-0.06110351968104652,-0.056307449195953464,0.43479261969950905,0.02855278849487006,3.1746131331958654,0.022706972966971446
4786.168,0.34189141665610306,0.5091710507934962,0.9954122655293328,-0.08437196241906975,0.04569265136404723,0.7490193520071059,-0.07416988515850921,0.00854962092957756,0.004970845682000444,-0.024036146208187285,-0.016790542935601917,-0.11953025278387858,-0.060504631054284976,-0.05632584346614872,0.43675339372437155,0.03905458480618915,3.0830279756690695,-0.011013813779416418
4786.208,0.33885790210000505,0.5096365477524253,0.995640620138583,-0.0856555998997067,0.04594829998900695,0.7435667547943299,-0.07817376171169718,0.012622367861341586,0.0067735047926402335,-0.035106845333464205,-0.010868647769248762,-0.1590447078933217,-0.060504631054284976,-0.05632584346614872,0.43675339372437155,0.03905458480618915,3.0830279756690695,-0.011013813779416418
4786.24,0.3361855465248096,0.5100086646262876,0.9958903477417687,-0.08676099481013473,0.04619376973089072,0.7386847442563036,-0.08610372474410657,0.010974766496327597,0.007318021684443243,-0.035872999417233056,-0.013742191874596089,-0.15008859316349982,-0.059760458641462066,-0.05559604412189422,0.4339130254473353,0.016714709323752266,3.1451087089097123,-0.0074069764217907855
4786.272,0.33329988390257065,0.5104017152235829,0.9960901412188885,-0.08784066384856141,0.04610687941128356,0.7331378905637893,-0.09148502797662134,0.011291538937799968,0.005817142124463384,-0.03021626754097661,-0.026148941565468334,-0.18070115891065625,-0.05986688167267525,-0.05539133311203117,0.4337704861626197,-0.02303558412586556,-3.1149013618943577,0.054194803785619444
4786.304,0.3301830869474999,0.5107933141297422,0.9963164192719033,-0.08890789543468329,0.04587439940655559,0.7275893768325161,-0.10033566653483862,0.012038594161804401,0.0061896779018433875,-0.030116483383946225,-0.030422926292143,-0.1866110886873359,-0.05955610726654749,-0.05568651082540191,0.43364263429243255,0.010654663877252104,3.1774926249209,-0.04422576085311099
4786.344,0.326024337427581,0.5112679287344825,0.9966284645018714,-0.09046652163926037,0.04575734020787413,0.7198388823836688,-0.10154781053493854,0.015590210610525899,0.008674977202913861,-0.04622609280136282,-0.012820859863278971,-0.18879839969991277,-0.059035951101635065,-0.05423006429758926,0.435126275868428,0.006631339664604788,3.17432027137923,0.019852817183809778
4786.3679999999995,0.32346856120214823,0.5116631710150523,0.9968768325509834,-0.09159309872383824,0.04608728456998826,0.7148166195682251,-0.10732419231988949,0.0148772045976499,0.010040758854336827,-0.04984379729954508,-0.016457039073321727,-0.2176028738000706,-0.058374980550880334,-0.05420394759245207,0.43404232977815094,0.016854825780527837,3.1453230726830435,-0.009860863759270682
4786.407999999999,0.31892488850701495,0.5122410854597405,0.9972142207498512,-0.0933995445438668,0.04594583896091764,0.7061632205845705,-0.11705407535695353,0.016103529503485453,0.008119220353420088,-0.041797425086240035,-0.03418780366426036,-0.23313322410400747,-0.05848494542882185,-0.054000932333297495,0.4338996466664472,-0.023119853064180896,-3.1140888184513935,0.05695595999432255
4786.44,0.31493382804588377,0.5126492331689908,0.9975264369523326,-0.09479527999524667,0.045560278341079015,0.698910073932079,-0.12750144139837874,0.01300973873126338,0.011138840249578754,-0.0433133296145195,-0.03307617984965041,-0.24113237985429553,-0.0583225821039927,-0.05418362782713125,0.4366429035678294,-0.017432761574903484,-3.0829720763897495,0.01658278330312779
4786.472,0.31082852428240626,0.5132468901225853,0.9979321901109455,-0.09653458517538387,0.045883330775717754,0.6911855681939517,-0.13186079231441838,0.018159592175869828,0.012413071375873577,-0.056998534193017335,-0.02112618231422247,-0.24408055100790502,-0.05775182090439274,-0.05264860914100449,0.43519539520878636,-0.013472391040413976,-3.0878310718632354,0.03199796785987925
4786.504,0.3065223670817065,0.5138275314662896,0.998240391818882,-0.09820703030863043,0.04584447226270731,0.6831320508410083,-0.13976607190194074,0.016383037521754067,0.01104595252419374,-0.04639244846913856,-0.03930672046797733,-0.2451046198029465,-0.05693288066837122,-0.052784941074996,0.43678166680435293,-0.01763669693542848,-3.082150085220195,0.01915626562762429
4786.544,0.30066853726377424,0.514462897729655,0.9986829508056023,-0.10020286170832757,0.045310781817810224,0.6724675583480654,-0.14840073787108818,0.016285017794454685,0.012708295976821101,-0.05199567287361841,-0.03557347742485855,-0.2771912085588463,-0.05668414114152472,-0.05285478500236784,0.4363413999328816,-0.011786323471817198,-3.052147717265319,0.05446809750835972
4786.576,0.2958916035663339,0.5150643545392727,0.9991663156838332,-0.10214101337368275,0.04559649253406701,0.6635526587612827,-0.14975509621555785,0.02016967559215788,0.013136441285968062,-0.06347540587808222,-0.026872626526769805,-0.2914677203351764,-0.055606270632011116,-0.052064721961104114,0.438350681493249,0.02891029937148638,3.179697757575287,-0.06744532853872151
4786.608,0.2909796088168787,0.5156480154339428,0.9994805504648765,-0.10398014902923416,0.045377961945453855,0.6538973737283907,-0.15692124017936998,0.023079380909488918,0.01117605208147366,-0.059325159046528145,-0.03978967926965984,-0.3012041759769463,-0.05529664195890723,-0.051459435455120855,0.4364808221993967,-0.01201223818602528,-3.051058213168668,0.05753119986858361
4786.639999999999,0.28569561003684507,0.5163231016703259,0.9998921955017267,-0.10598395898544977,0.04515895716723822,0.6443089202942075,-0.16322561535108837,0.023620206708254796,0.013319591194122338,-0.06928902965170648,-0.03310096820333045,-0.3132816492314676,-0.0549589450205944,-0.0505482543166897,0.43992194754019137,-0.003436340554803694,-3.061843692757454,-0.008119765257055829
4786.672,0.2802277779465956,0.5171127474962333,1.000392189029064,-0.1081432173603766,0.04539568721503613,0.6343947100951847,-0.17275497937681514,0.020454877353185186,0.014534475692698312,-0.06068169693319614,-0.04461401824881098,-0.3272150978735068,-0.05390846341872803,-0.05006385538537907,0.4366178236043852,-0.012234232475092144,-3.0499494674835623,0.06063154890547277
4786.704,0.2746481765797265,0.5178698084687359,1.0008189705908261,-0.11027659014254322,0.04516357671517476,0.6238402827674423,-0.1789322275596509,0.021903089486127274,0.01404973955875755,-0.06350559273796837,-0.049479837103250636,-0.3306727617481685,-0.053382746775049957,-0.04992595377564446,0.44120117002985443,-0.008203811925813397,-3.0514412056606552,0.07996241629920424
4786.744,0.2675254366577902,0.5187567006794664,1.0014284093871368,-0.1131381860503087,0.04535213701990676,0.6099831294593274,-0.1836723804645887,0.023483975496413408,0.017352739218976655,-0.075273379350776,-0.034516435107748836,-0.3445395935981044,-0.052762792103767706,-0.048771195422934226,0.43898961345045695,0.00021776467625931966,-2.9866255918170483,0.027675100659186106
4786.776,0.26137027989627143,0.5194941841824184,1.0019073535946628,-0.11525387664649661,0.045000997211696384,0.5987908988017818,-0.19390871335330412,0.022506775965099493,0.013985062045456369,-0.0604903235180168,-0.053539774230109964,-0.36235391168888786,-0.051979842073290324,-0.04851549174328629,0.44133940039913416,-0.008374053273200784,-3.0502398083516056,0.08298044474371802
4786.808,0.25495426489989603,0.5202839904782557,1.0024324007453205,-0.11754237674973453,0.04492357074651115,0.5873799455432571,-0.19945936262469638,0.023548493418479116,0.017356209806916354,-0.07718157204667205,-0.03810799108478338,-0.3561496083107602,-0.05158538496336796,-0.0479291966822625,0.44154197365335873,0.005333441260670023,-2.995940052873859,0.015535294991212822
4786.84,0.24855982117357459,0.5209747955597694,1.0029882438383664,-0.119836085862629,0.04471316519591811,0.5753809625189354,-0.1977858603647679,0.024940294356115816,0.01590761759825935,-0.0677710459276589,-0.049823381790988205,-0.3603079717308728,-0.05029664325835014,-0.04723003983590095,0.4437628888933803,-0.00423796098956832,-3.0161350515912537,0.05626398413130688
4786.871999999999,0.24228603354346417,0.521754114671922,1.0034639267318608,-0.12211617880204043,0.044515906048760996,0.5633937160931607,-0.1954023145127542,0.026312881747404492,0.017159943395059336,-0.07839890413422154,-0.04037937434204964,-0.37514689470348805,-0.049967343958805074,-0.04639316693783933,0.44158220490357164,0.0032684691005965046,-2.9618281082514706,0.08838090382762934
4786.911999999999,0.23440928900204933,0.52284736777745,1.0040805605328258,-0.12517205554207994,0.04473579081164768,0.5489774661698958,-0.19660223109543085,0.025773212367910924,0.014741516545103571,-0.06771397290199667,-0.049090880554798856,-0.36931447218661484,-0.04898191939793025,-0.045169298978814075,0.4413731780687354,0.017080054778946266,-2.942688061056232,0.05262863119512241
4786.936,0.22969988153736812,0.5234626998029428,1.0044779425148778,-0.1268414395894118,0.04462793525389364,0.5402410810988502,-0.19716838170619533,0.02537435832514455,0.01558138574971477,-0.07249776611914995,-0.04666207234508756,-0.375083107261123,-0.0481911242940376,-0.04505853766239673,0.4433955322054612,0.006409734919287311,-2.928006401831664,0.06879740403450826
4786.976,0.2218996838078421,0.524348423472914,1.0051664859620122,-0.12978304807170654,0.044776754913463473,0.52574508050597,-0.19708369735876427,0.026890668849200376,0.015946875839749897,-0.07843396011119831,-0.03802948237512796,-0.3555837315066126,-0.04710410151771395,-0.04489938748880727,0.4481633303347499,0.0030419699062077146,-2.9547185062105985,0.09535318372252564
4787.008,0.2154945270737628,0.5252276275102405,1.0056133693177314,-0.13204218376950091,0.044614201952117,0.51415804699701,-0.20065176828125358,0.02400753585209478,0.013772037743406632,-0.0613907601833077,-0.05322811860071208,-0.3736932019716893,-0.0461040530380296,-0.04365947278872076,0.4479309634244131,0.016830956260694974,-2.935098936171694,0.05905729868050822
4787.048,0.2076145714205772,0.5262594547879745,1.0062388630551338,-0.13501906819929466,0.04474449235247256,0.4996561786190987,-0.19754752810052423,0.02599145750737471,0.016917997238867402,-0.0808093026481314,-0.03768692897878628,-0.36292195208069455,-0.0452875123008531,-0.043539691812535954,0.4500173281647657,0.006050103540863132,-2.9202233634503614,0.07533088377645535
4787.08,0.20133950407475631,0.5269821431833344,1.006726512950249,-0.13718817805053907,0.04458371157390321,0.4874845940608725,-0.19503303988418869,0.025613548854907908,0.014220261072711678,-0.06832041600552188,-0.0522958558340764,-0.38101598812548804,-0.04432796480177148,-0.0421030266185187,0.4501746165885713,0.012546726616887726,-2.8958313333493773,0.07820008423346259
4787.103999999999,0.1965443167465463,0.5276314545814802,1.0070803261620276,-0.1388588100513658,0.04437064105353105,0.4784159468858558,-0.19787402476375773,0.026619106528073953,0.014900968051691086,-0.07524158955412266,-0.04737521317731741,-0.3683961477522321,-0.04313929327408778,-0.04210497763235428,0.4546644934077925,0.01658674742465522,-2.927274196140857,0.06569923815157203
4787.144,0.18858746891934108,0.5285933132463833,1.0077324883931613,-0.14193925999187007,0.044269972866219656,0.46351429312625836,-0.19473742145501258,0.029123084569427433,0.014773797792557036,-0.08160308660946235,-0.04670284746805042,-0.37249300600384255,-0.04243420147235086,-0.0407134848348775,0.4515783072138468,0.014705759712828084,-2.861744013643409,0.06582408546685554
4787.1759999999995,0.18241664247512684,0.5294904398452801,1.0081585188856101,-0.14426554849145748,0.04402654034295872,0.45147563946275615,-0.1950096797705877,0.028088167201395835,0.013663024530115602,-0.07321296342357418,-0.05035853144544177,-0.3518340081468955,-0.04086084445014876,-0.03986752331337712,0.4539108831777972,0.02493040568374172,-2.8489909353052987,0.08095393234984886
4787.208,0.17625697122106576,0.5304409010207061,1.0085861305168664,-0.14671904231829594,0.04402817318556409,0.4399177344712877,-0.18929216070715782,0.030433909990155574,0.014786178578181132,-0.08502604474593019,-0.03838275143949862,-0.3521450692370879,-0.03986610354388008,-0.03905915329152327,0.45707883301825536,0.011713532695466794,-2.8851890088187915,0.08867990435855037
4787.232,0.1716999730773709,0.5310334488080471,1.009003066805486,-0.1485708010302942,0.04419254637387035,0.43156802555013457,-0.1853704568024082,0.02572418609721131,0.01474517007308112,-0.0759883150077689,-0.04044271740600882,-0.34791544208475117,-0.03891243869130007,-0.038451741516954546,0.4551582000220868,0.026593694735389032,-2.815616691745346,0.06982414920115738
4787.28,0.16306280301327514,0.5320125960337069,1.0096250150783734,-0.15144239830742742,0.043663465776218255,0.41521251009349236,-0.17714336596878985,0.02387794284595363,0.013131781176470722,-0.06685454507129841,-0.04363762852485599,-0.33180421437870494,-0.03697322021933888,-0.03744574770570148,0.4592878883263721,0.0138454677412584,-2.8251291911497116,0.11079808806997081
4787.312,0.1575413128524807,0.5329413614901071,1.0100133344062934,-0.1537515954984743,0.04384685962498987,0.40517245237733857,-0.16835231287293903,0.026944320741163943,0.01396949069058218,-0.07546486411434174,-0.030904428844288553,-0.32224282726735903,-0.03674599472810212,-0.036765064508544526,0.46074158189115333,0.03044344622189886,-2.817005600667388,0.0949909574864126
4787.344,0.15212817029104653,0.5336039601204468,1.0104855591886264,-0.15578680973887796,0.043869880948600636,0.39547770077863525,-0.16468159521707978,0.020025177502559537,0.012838047504094858,-0.05591137207270103,-0.038780396133962926,-0.29430115431532883,-0.03533763622880868,-0.03656528855437053,0.4617144673431544,0.024241784561610972,-2.812893858747914,0.12503318678302702
4787.376,0.1470306852118033,0.5342026020928432,1.010878893797499,-0.1574012552446959,0.043639560108303124,0.38580891615584406,-0.15831442114594607,0.02072604236917493,0.011081615982062806,-0.05375298929471523,-0.036466913153982795,-0.2832086636300196,-0.03326596856567433,-0.03532367040334745,0.46195003228651665,0.03197935836108573,-2.7816185850259263,0.08567047041577981
4787.407999999999,0.14201829744615485,0.5348353620015132,1.0112336533522899,-0.1590282256369304,0.043424367368743624,0.37667770843973414,-0.15402180283541875,0.017865829960060538,0.013399374803803038,-0.055325915608018944,-0.03512661695506866,-0.2739569737490241,-0.033600696780929126,-0.03485332712641534,0.4688071926465699,0.023659439496303076,-2.8056461657412886,0.13233376628960578
4787.44,0.13719808221668361,0.5354553791296526,1.0116663739885503,-0.16093832596042376,0.043410187648233636,0.36794501628719867,-0.14322199774235472,0.02024896919369859,0.01252768728677402,-0.06529879504506426,-0.0276867379883359,-0.276444302982274,-0.03139816047537695,-0.03432303095541505,0.4669351734110176,0.02009140214940631,-2.7620158839248825,0.13110561724727698
4787.472,0.1326547625191264,0.5359459109767237,1.0120891442685225,-0.16260797646742195,0.043491887682519596,0.3595425754950684,-0.13964815246031914,0.015888680020836887,0.011084134287485163,-0.04597032813336468,-0.03571685862021594,-0.2660596412761101,-0.029995043877305453,-0.03359327832485098,0.4690092591833764,0.03156040488963511,-2.771311867355364,0.09257853314856854
4787.504,0.12840644195198384,0.5365189168788581,1.0123858914916997,-0.16397328307650852,0.04329921420170905,0.3510799530723461,-0.13270683624646742,0.014792891500779483,0.00967299472722252,-0.037534793146906165,-0.03667592180543682,-0.25342293035272795,-0.029472798753677355,-0.03341291069191646,0.47135565455612627,0.02686926595179257,-2.7416370239987105,0.10782692975535313
4787.536,0.1241122483187362,0.5369901378991324,1.0126867474585939,-0.1651185964123479,0.043002679495749374,0.3434569491296437,-0.1275308773769832,0.014277284919694926,0.01039421465466275,-0.040960853337380185,-0.03212876423891341,-0.23961991808426292,-0.028008294457173028,-0.032772784166700125,0.47294848601289974,0.025972223316184966,-2.7519735759896458,0.11104869452904455
4787.576,0.11920559559614426,0.5375946563962648,1.0130799739168048,-0.1668346243616249,0.04297464864977925,0.3344375574676422,-0.11766971109037512,0.01491924256362984,0.011033024943541234,-0.04925695148393299,-0.024254251901109608,-0.2298481945350714,-0.027054995199155975,-0.03181235270036287,0.47595901351755077,0.03740184200431151,-2.741404083911764,0.10646639301378118
4787.608,0.11564166367949412,0.5380828066699282,1.01340296285962,-0.16834956488329023,0.04315758781779418,0.3275619317444087,-0.10857901933175841,0.01799175720388721,0.009461814561916151,-0.053809408546666,-0.01759188571194376,-0.21468322418397343,-0.02558364825520582,-0.03159590810946446,0.4772209954058828,0.031437915193569504,-2.738491082047646,0.1342200647459685
4787.639999999999,0.11224086280951673,0.5385980650823651,1.0137102221191183,-0.16978292105644038,0.04337676290076174,0.32106320486074585,-0.10424762312764621,0.01805727411967762,0.007747701157874156,-0.045448017936698525,-0.021140693433060756,-0.19262249959803843,-0.024542494907473608,-0.03161713382096181,0.4786725440366538,0.026647227656695735,-2.728197028457978,0.11507992913111048
4787.672,0.10890001305089025,0.5389991795640648,1.0139690424532073,-0.17081933942205138,0.043139642407781086,0.31494103649732447,-0.10048481433464226,0.011799452122887457,0.008145064485489935,-0.03130304681333489,-0.025311962630263408,-0.17442446229977734,-0.023399295814337133,-0.030310801335659016,0.4769924861154482,0.03830316630208482,-2.706388141629934,0.0998646042983808
4787.704,0.10576568884287178,0.5394320613254886,1.0141916292978066,-0.17179449247425246,0.042930957439105744,0.30934504937220353,-0.09180985348449781,0.013942157201283653,0.006553127795611172,-0.03372812394484606,-0.024131838904315743,-0.17430498169232994,-0.02266115137005665,-0.030114383245003075,0.4780815972689562,0.03131023743297085,-2.705988687002864,0.13983526225323895
4787.736,0.10284334765189583,0.539755337330515,1.0144107197487806,-0.17261084226423867,0.04278938282128355,0.3041838270538068,-0.08609844518542671,0.01001166551053344,0.008229952283644103,-0.028999658407047837,-0.021703716216959306,-0.17035088989901914,-0.021615036362450366,-0.029353701177293107,0.4796975849813419,0.048749450839057386,-2.6952990994500623,0.11023012641556643
4787.776,0.09963406035283678,0.540200390820761,1.0146735049717568,-0.17376089213410936,0.042849709244974714,0.29806306449225733,-0.07745464644928643,0.010612702894373233,0.006865646484709896,-0.03280140586112141,-0.016571377755466146,-0.1505611088750495,-0.02054728039780339,-0.029358253976679752,0.480929150785606,0.0438082296610501,-2.6837373391877457,0.09197377597492751
4787.808,0.097134270726333,0.5404099387120107,1.0149106139955082,-0.17463155189370877,0.04274073595144525,0.29334587590174543,-0.07105984124631264,0.00927575118940781,0.006769263795706986,-0.031468342613637915,-0.015834727914912868,-0.13414027977296386,-0.019389790996095595,-0.02860191422745759,0.4788138310407854,0.038222722823648955,-2.654783204262281,0.13866485380869834
4787.84,0.09502523715676862,0.5407615343530724,1.0151044599554666,-0.1756184268069825,0.04292583309012506,0.28933799810875604,-0.06696048125622778,0.006012779107134842,0.005747345649632716,-0.02736521412972815,-0.01666721823512421,-0.13016879453678684,-0.01877183559031234,-0.028446430576327682,0.4856470828258658,0.03279288504745021,-2.683181148995966,0.08890484046073936
4787.871999999999,0.09302634475294255,0.5410550260291,1.0152658983890823,-0.17654303572389055,0.04290186143939866,0.2853875088954391,-0.05878519153347044,0.009522731696180637,0.005422860117974197,-0.028817555736399218,-0.00780877881046553,-0.10508223052623972,-0.017949296446467766,-0.02847081255954529,0.4837396980977532,0.043465451301429335,-2.6731133838333982,0.12807627227589144
4787.9039999999995,0.09116013960678801,0.5412763510304001,1.015459828363099,-0.17728019509211124,0.04294772011484495,0.2824225848142186,-0.0541103043496851,0.004812697285151627,0.004369385182978112,-0.01933766018615273,-0.011069574846602955,-0.10488070275377362,-0.016428283249486603,-0.028237159269983256,0.48515663374469004,0.03778579747507618,-2.6708075802290763,0.15360294938492491
4787.936,0.08955991785838749,0.5414614403725363,1.015591433141192,-0.1778506305826719,0.04293181868799836,0.2791181672887135,-0.04685745228449928,0.006894493037777348,0.003117506150666385,-0.015399990308982769,-0.010562204776258102,-0.09397575060225791,-0.016031037314313587,-0.027629169153079742,0.4815778669472955,0.04895610335077123,-2.641699102800231,0.1474977877572312
4787.968,0.08813840202912308,0.5416512282784472,1.0156939522996997,-0.17829705045109684,0.04287571600532882,0.27671488467838534,-0.04220681272058131,-6.385959536809436e-05,0.003446241767981125,-0.004301356182066459,-0.012299070332674711,-0.06979404700876272,-0.015340007052366484,-0.027465817412211654,0.4867762146468521,0.055123864109624165,-2.660340986427143,0.12535941584818924
4788.0,0.0869377213685951,0.5417956402767383,1.0157579997147912,-0.1786778203554836,0.04269254963175384,0.2746577586026177,-0.034598374907613166,0.0027584270834869135,0.0023657950614240494,-0.008467255027320725,-0.018071101801334748,-0.07068172391182452,-0.014571301066712625,-0.028117479554151854,0.4894629324122372,0.04859746613222479,-2.670885924037002,0.1627723455174736
4788.04,0.08569896215386649,0.5419059733840331,1.0158500265718164,-0.17891808420810856,0.04242149093028442,0.27210027822061567,-0.026373058194644375,0.002713250125460175,0.001743312966795683,-0.006711041711450057,-0.012849932092464444,-0.05925513143910846,-0.014210455721529324,-0.026699536774849247,0.48627405637409643,0.038076280503596655,-2.6400705405129266,0.145888443610268
4788.072,0.08496126982813594,0.5419734095368673,1.0158963871068738,-0.17909357569202125,0.0422695118591261,0.27059412447281783,-0.020299803707201993,0.001766453502022672,0.0015835437675470938,-0.006035606259932548,-0.008744358963051767,-0.03531381780361471,-0.014210455721529324,-0.026699536774849247,0.48627405637409643,0.038076280503596655,-2.6400705405129266,0.145888443610268
4788.103999999999,0.08446198739248977,0.5420534737546729,1.0159158506694197,-0.17922151644608106,0.042234361077321925,0.26974688226202653,-0.013014215845473947,0.0013949153915723052,0.0008570297857740612,-0.003086012709862665,-0.0036515737660997613,-0.020790483682244475,-0.013122841777038038,-0.027331985651929073,0.4906690972563866,0.027057715317381055,-2.640456807831851,0.15174727216765863
4788.1359999999995,0.08411273883399084,0.5420625528181778,1.0159301856835294,-0.1792655079335907,0.04213255352090514,0.2692763390036961,-0.00667239540686694,0.0003264745308142931,0.00031795162684133607,-9.255584096080934e-05,-0.002311815537907996,-0.01007081075584084,-0.012656055496552885,-0.026699857152389914,0.4862468156527925,0.03838673100618228,-2.6373160787098415,0.1459875856909027
4788.168,0.0839909702990818,0.5420522795541618,1.0159420913868662,-0.17923350657864576,0.04207917409649498,0.26909333645048666,-0.0013918452618092063,-0.0008330045626272949,0.00015671505917451493,0.0013265379238135424,-0.0008842812609474153,-0.003690568919770446,-0.012656055496552885,-0.026699857152389914,0.4862468156527925,0.03838673100618228,-2.6373160787098415,0.1459875856909027
4788.208,0.0840742816303634,0.5421222809565611,1.015922759360414,-0.1793468914765145,0.04215230563472816,0.26902590130422316,-0.00011364806568322266,-0.0006149629086006473,0.0001734132928103482,0.0007488015610891822,0.0003719032873615693,0.0012473183752708945,-0.012656055496552885,-0.026699857152389914,0.4862468156527925,0.03838673100618228,-2.6373160787098415,0.1459875856909027
4788.24,0.08402551765270248,0.542058191142189,1.0159493291554265,-0.17922093305572706,0.04212761701873007,0.26912674681126436,-2.6962152369053556e-05,-0.0004207629253883574,0.00012907920441307787,0.0004299843537997407,0.00022358866762020913,0.0003241065847648178,-0.012656055496552885,-0.026699857152389914,0.4862468156527925,0.03838673100618228,-2.6373160787098415,0.1459875856909027
